EXPID. 0377
[电化学]: CV : -0.8 >> -0.8 >> -1.5 >> -0.8(V) @ 0.01(V/s) X 10(Seg)
起始电位 (V),-0.8
上限电位 (V),-0.8
下限电位 (V),-1.5
终止电位 (V),-0.8
扫速 (V/s),0.01
电解液 信息:
KOH,1
-0.8,-0.4564387
-0.801,-0.4288493
-0.802,-0.296727
-0.803,-0.1716554
-0.804,-0.1275124
-0.805,-0.1114904
-0.806,-0.1023247
-0.807,-0.09616303
-0.808,-0.09165677
-0.809,-0.08791687
-0.81,-0.08482074
-0.811,-0.08209246
-0.812,-0.07964008
-0.813,-0.07740227
-0.814,-0.07531774
-0.815,-0.07344779
-0.816,-0.07163917
-0.817,-0.06989183
-0.818,-0.06826713
-0.819,-0.06661177
-0.82,-0.06507903
-0.821,-0.06351563
-0.822,-0.06198289
-0.823,-0.06054211
-0.824,-0.05910134
-0.825,-0.05772187
-0.826,-0.05637306
-0.827,-0.05496293
-0.828,-0.05364478
-0.829,-0.05235728
-0.83,-0.05106977
-0.831,-0.04990489
-0.832,-0.04864804
-0.833,-0.04748316
-0.834,-0.04634893
-0.835,-0.04518405
-0.836,-0.04414178
-0.837,-0.04303821
-0.838,-0.04199595
-0.839,-0.04095368
-0.84,-0.03991142
-0.841,-0.03893046
-0.842,-0.03791885
-0.843,-0.0369379
-0.844,-0.03601825
-0.845,-0.03506796
-0.846,-0.03411765
-0.847,-0.0331367
-0.848,-0.03209443
-0.849,-0.03108283
-0.85,-0.03007122
-0.851,-0.02912092
-0.852,-0.02820127
-0.853,-0.02734294
-0.854,-0.02654591
-0.855,-0.0258102
-0.856,-0.02510513
-0.857,-0.02440007
-0.858,-0.02375632
-0.859,-0.02308192
-0.86,-0.02246882
-0.861,-0.02185572
-0.862,-0.02127328
-0.863,-0.02066019
-0.864,-0.0201084
-0.865,-0.01955661
-0.866,-0.01903548
-0.867,-0.01851435
-0.868,-0.01802387
-0.869,-0.01750274
-0.87,-0.01701226
-0.871,-0.01655244
-0.872,-0.01609262
-0.873,-0.01576873
-0.874,-0.01535489
-0.875,-0.01493492
-0.876,-0.0145364
-0.877,-0.01415935
-0.878,-0.01376697
-0.879,-0.01339298
-0.88,-0.01303432
-0.881,-0.01266646
-0.882,-0.0122986
-0.883,-0.01192154
-0.884,-0.01153836
-0.885,-0.01119809
-0.886,-0.01086395
-0.887,-0.01055741
-0.888,-0.01026618
-0.889,-0.009968832
-0.89,-0.009708267
-0.891,-0.009435439
-0.892,-0.009168741
-0.893,-0.008923503
-0.894,-0.008662937
-0.895,-0.008423829
-0.896,-0.00820618
-0.897,-0.007991596
-0.898,-0.00779234
-0.899,-0.007605345
-0.9,-0.007418351
-0.901,-0.007243618
-0.902,-0.007071951
-0.903,-0.006909481
-0.904,-0.006753141
-0.905,-0.006602933
-0.906,-0.006458855
-0.907,-0.006311711
-0.908,-0.00617683
-0.909,-0.006051145
-0.91,-0.005922395
-0.911,-0.005805907
-0.912,-0.005689419
-0.913,-0.00557293
-0.914,-0.005471769
-0.915,-0.005364478
-0.916,-0.005266382
-0.917,-0.005180549
-0.918,-0.005076322
-0.919,-0.004993554
-0.92,-0.004910786
-0.921,-0.004818822
-0.922,-0.00474525
-0.923,-0.004665548
-0.924,-0.004591976
-0.925,-0.00452147
-0.926,-0.004447898
-0.927,-0.004389654
-0.928,-0.004325279
-0.929,-0.00426397
-0.93,-0.004214922
-0.931,-0.004150547
-0.932,-0.004098434
-0.933,-0.004052451
-0.934,-0.003994207
-0.935,-0.00395129
-0.936,-0.003902242
-0.937,-0.00385626
-0.938,-0.003816409
-0.939,-0.003767361
-0.94,-0.003730575
-0.941,-0.003690724
-0.942,-0.003650873
-0.943,-0.003620218
-0.944,-0.003580367
-0.945,-0.003546647
-0.946,-0.003519057
-0.947,-0.003482271
-0.948,-0.003457748
-0.949,-0.003433224
-0.95,-0.003402569
-0.951,-0.00338111
-0.952,-0.003353521
-0.953,-0.003332063
-0.954,-0.003310604
-0.955,-0.003283015
-0.956,-0.003264622
-0.957,-0.003243164
-0.958,-0.00321864
-0.959,-0.003209443
-0.96,-0.003184919
-0.961,-0.003169592
-0.962,-0.003154265
-0.963,-0.003135872
-0.964,-0.00312361
-0.965,-0.003108283
-0.966,-0.003092955
-0.967,-0.003080693
-0.968,-0.003065366
-0.969,-0.003053104
-0.97,-0.003040842
-0.971,-0.003031645
-0.972,-0.003022449
-0.973,-0.003007122
-0.974,-0.003000991
-0.975,-0.00299486
-0.976,-0.002979532
-0.977,-0.002979532
-0.978,-0.00296727
-0.979,-0.002958074
-0.98,-0.002951943
-0.981,-0.002942747
-0.982,-0.002936616
-0.983,-0.002930485
-0.984,-0.002918222
-0.985,-0.002918222
-0.986,-0.002909026
-0.987,-0.002902895
-0.988,-0.002905961
-0.989,-0.002893699
-0.99,-0.002893699
-0.991,-0.002890633
-0.992,-0.002881437
-0.993,-0.002878371
-0.994,-0.002875306
-0.995,-0.002869175
-0.996,-0.00286611
-0.997,-0.002859978
-0.998,-0.002856913
-0.999,-0.002856913
-1,-0.002847716
-1.001,-0.002850782
-1.002,-0.002844651
-1.003,-0.002841586
-1.004,-0.002841586
-1.005,-0.002835455
-1.006,-0.002835455
-1.007,-0.002835455
-1.008,-0.002829324
-1.009,-0.002829324
-1.01,-0.002826258
-1.011,-0.002823193
-1.012,-0.002823193
-1.013,-0.002820127
-1.014,-0.002820127
-1.015,-0.002817062
-1.016,-0.002810931
-1.017,-0.002813996
-1.018,-0.002810931
-1.019,-0.0028048
-1.02,-0.002807865
-1.021,-0.0028048
-1.022,-0.002798669
-1.023,-0.0028048
-1.024,-0.002798669
-1.025,-0.002789472
-1.026,-0.002795603
-1.027,-0.002792538
-1.028,-0.002786407
-1.029,-0.002786407
-1.03,-0.002783341
-1.031,-0.002780276
-1.032,-0.00277721
-1.033,-0.00277721
-1.034,-0.002774145
-1.035,-0.00277108
-1.036,-0.002768014
-1.037,-0.002764949
-1.038,-0.002761883
-1.039,-0.002761883
-1.04,-0.002758818
-1.041,-0.002752687
-1.042,-0.002749621
-1.043,-0.002746556
-1.044,-0.002740425
-1.045,-0.00274349
-1.046,-0.002737359
-1.047,-0.002734293
-1.048,-0.002731228
-1.049,-0.002728163
-1.05,-0.002725097
-1.051,-0.002718966
-1.052,-0.002718966
-1.053,-0.002712835
-1.054,-0.00270977
-1.055,-0.00270977
-1.056,-0.002703639
-1.057,-0.002700574
-1.058,-0.002697508
-1.059,-0.002688312
-1.06,-0.002688312
-1.061,-0.002685246
-1.062,-0.002679115
-1.063,-0.002676049
-1.064,-0.002672984
-1.065,-0.002663787
-1.066,-0.002660722
-1.067,-0.002657657
-1.068,-0.002651526
-1.069,-0.00264846
-1.07,-0.002645395
-1.071,-0.002639264
-1.072,-0.002636198
-1.073,-0.002633133
-1.074,-0.002627002
-1.075,-0.002623936
-1.076,-0.002620871
-1.077,-0.00261474
-1.078,-0.002611674
-1.079,-0.002605543
-1.08,-0.002602478
-1.081,-0.002602478
-1.082,-0.002596347
-1.083,-0.002593281
-1.084,-0.002590216
-1.085,-0.002584085
-1.086,-0.002587151
-1.087,-0.002577954
-1.088,-0.002577954
-1.089,-0.002574889
-1.09,-0.002571823
-1.091,-0.002568757
-1.092,-0.002568757
-1.093,-0.002559561
-1.094,-0.002559561
-1.095,-0.002559561
-1.096,-0.002556496
-1.097,-0.00255343
-1.098,-0.002550365
-1.099,-0.002547299
-1.1,-0.002547299
-1.101,-0.002541168
-1.102,-0.002541168
-1.103,-0.002538103
-1.104,-0.002535037
-1.105,-0.002535037
-1.106,-0.002535037
-1.107,-0.002531972
-1.108,-0.002528906
-1.109,-0.002528906
-1.11,-0.002525841
-1.111,-0.002522775
-1.112,-0.002522775
-1.113,-0.002522775
-1.114,-0.00251971
-1.115,-0.002522775
-1.116,-0.002516645
-1.117,-0.002513579
-1.118,-0.002516645
-1.119,-0.002513579
-1.12,-0.002516645
-1.121,-0.002516645
-1.122,-0.002510513
-1.123,-0.002516645
-1.124,-0.002513579
-1.125,-0.002510513
-1.126,-0.002513579
-1.127,-0.002513579
-1.128,-0.002513579
-1.129,-0.002510513
-1.13,-0.002510513
-1.131,-0.002513579
-1.132,-0.002510513
-1.133,-0.002513579
-1.134,-0.002513579
-1.135,-0.002513579
-1.136,-0.002513579
-1.137,-0.002513579
-1.138,-0.002513579
-1.139,-0.002513579
-1.14,-0.002510513
-1.141,-0.002513579
-1.142,-0.002513579
-1.143,-0.002513579
-1.144,-0.002516645
-1.145,-0.002513579
-1.146,-0.00251971
-1.147,-0.002516645
-1.148,-0.002516645
-1.149,-0.00251971
-1.15,-0.00251971
-1.151,-0.00251971
-1.152,-0.00251971
-1.153,-0.00251971
-1.154,-0.00251971
-1.155,-0.00251971
-1.156,-0.00251971
-1.157,-0.002525841
-1.158,-0.002522775
-1.159,-0.002522775
-1.16,-0.002525841
-1.161,-0.002522775
-1.162,-0.002528906
-1.163,-0.002528906
-1.164,-0.002525841
-1.165,-0.002528906
-1.166,-0.002528906
-1.167,-0.002528906
-1.168,-0.002531972
-1.169,-0.002528906
-1.17,-0.002535037
-1.171,-0.002531972
-1.172,-0.002535037
-1.173,-0.002538103
-1.174,-0.002535037
-1.175,-0.002541168
-1.176,-0.002541168
-1.177,-0.002541168
-1.178,-0.002544234
-1.179,-0.002544234
-1.18,-0.002544234
-1.181,-0.002547299
-1.182,-0.002544234
-1.183,-0.002550365
-1.184,-0.002547299
-1.185,-0.002547299
-1.186,-0.00255343
-1.187,-0.002550365
-1.188,-0.00255343
-1.189,-0.00255343
-1.19,-0.00255343
-1.191,-0.002556496
-1.192,-0.002559561
-1.193,-0.002556496
-1.194,-0.002559561
-1.195,-0.002562626
-1.196,-0.002559561
-1.197,-0.002562626
-1.198,-0.002562626
-1.199,-0.002562626
-1.2,-0.002565692
-1.201,-0.002565692
-1.202,-0.002568757
-1.203,-0.002568757
-1.204,-0.002571823
-1.205,-0.002574889
-1.206,-0.002574889
-1.207,-0.002577954
-1.208,-0.002577954
-1.209,-0.002574889
-1.21,-0.00258102
-1.211,-0.00258102
-1.212,-0.00258102
-1.213,-0.002584085
-1.214,-0.00258102
-1.215,-0.002587151
-1.216,-0.002587151
-1.217,-0.002587151
-1.218,-0.002590216
-1.219,-0.002590216
-1.22,-0.002590216
-1.221,-0.002593281
-1.222,-0.002590216
-1.223,-0.002596347
-1.224,-0.002599412
-1.225,-0.002599412
-1.226,-0.002599412
-1.227,-0.002599412
-1.228,-0.002602478
-1.229,-0.002602478
-1.23,-0.002605543
-1.231,-0.002608609
-1.232,-0.002608609
-1.233,-0.002611674
-1.234,-0.002611674
-1.235,-0.002611674
-1.236,-0.00261474
-1.237,-0.00261474
-1.238,-0.00261474
-1.239,-0.002617805
-1.24,-0.002617805
-1.241,-0.002617805
-1.242,-0.002620871
-1.243,-0.002620871
-1.244,-0.002620871
-1.245,-0.002627002
-1.246,-0.002627002
-1.247,-0.002627002
-1.248,-0.002630068
-1.249,-0.002630068
-1.25,-0.002633133
-1.251,-0.002633133
-1.252,-0.002636198
-1.253,-0.002633133
-1.254,-0.002636198
-1.255,-0.002639264
-1.256,-0.002639264
-1.257,-0.002639264
-1.258,-0.002645395
-1.259,-0.002642329
-1.26,-0.00264846
-1.261,-0.00264846
-1.262,-0.002645395
-1.263,-0.002654591
-1.264,-0.002651526
-1.265,-0.002654591
-1.266,-0.002657657
-1.267,-0.002657657
-1.268,-0.002660722
-1.269,-0.002660722
-1.27,-0.002663787
-1.271,-0.002666853
-1.272,-0.002663787
-1.273,-0.002666853
-1.274,-0.002669919
-1.275,-0.002666853
-1.276,-0.002676049
-1.277,-0.002672984
-1.278,-0.002676049
-1.279,-0.002679115
-1.28,-0.002679115
-1.281,-0.00268218
-1.282,-0.00268218
-1.283,-0.00268218
-1.284,-0.002688312
-1.285,-0.002685246
-1.286,-0.002685246
-1.287,-0.002691377
-1.288,-0.002688312
-1.289,-0.002691377
-1.29,-0.002691377
-1.291,-0.002691377
-1.292,-0.002697508
-1.293,-0.002694442
-1.294,-0.002700574
-1.295,-0.002700574
-1.296,-0.002697508
-1.297,-0.002703639
-1.298,-0.002703639
-1.299,-0.002703639
-1.3,-0.002706704
-1.301,-0.002706704
-1.302,-0.00270977
-1.303,-0.002712835
-1.304,-0.00270977
-1.305,-0.002712835
-1.306,-0.002715901
-1.307,-0.00270977
-1.308,-0.002718966
-1.309,-0.002715901
-1.31,-0.002718966
-1.311,-0.002725097
-1.312,-0.002725097
-1.313,-0.002728163
-1.314,-0.002728163
-1.315,-0.002728163
-1.316,-0.002731228
-1.317,-0.002731228
-1.318,-0.002731228
-1.319,-0.002734293
-1.32,-0.002734293
-1.321,-0.002737359
-1.322,-0.002737359
-1.323,-0.002737359
-1.324,-0.002740425
-1.325,-0.002740425
-1.326,-0.002740425
-1.327,-0.002746556
-1.328,-0.002746556
-1.329,-0.00274349
-1.33,-0.002749621
-1.331,-0.002749621
-1.332,-0.002752687
-1.333,-0.002752687
-1.334,-0.002755752
-1.335,-0.002755752
-1.336,-0.002755752
-1.337,-0.002755752
-1.338,-0.002758818
-1.339,-0.002758818
-1.34,-0.002764949
-1.341,-0.002764949
-1.342,-0.002764949
-1.343,-0.00277108
-1.344,-0.002764949
-1.345,-0.002768014
-1.346,-0.002774145
-1.347,-0.00277108
-1.348,-0.00277721
-1.349,-0.002780276
-1.35,-0.002774145
-1.351,-0.002783341
-1.352,-0.002783341
-1.353,-0.002783341
-1.354,-0.002789472
-1.355,-0.002786407
-1.356,-0.002789472
-1.357,-0.002789472
-1.358,-0.002795603
-1.359,-0.002798669
-1.36,-0.002795603
-1.361,-0.0028048
-1.362,-0.0028048
-1.363,-0.0028048
-1.364,-0.002810931
-1.365,-0.002810931
-1.366,-0.002813996
-1.367,-0.002817062
-1.368,-0.002817062
-1.369,-0.002823193
-1.37,-0.002823193
-1.371,-0.002823193
-1.372,-0.002832389
-1.373,-0.002829324
-1.374,-0.002835455
-1.375,-0.002841586
-1.376,-0.002841586
-1.377,-0.002847716
-1.378,-0.002847716
-1.379,-0.002850782
-1.38,-0.002856913
-1.381,-0.002856913
-1.382,-0.002863044
-1.383,-0.00286611
-1.384,-0.002869175
-1.385,-0.002875306
-1.386,-0.002875306
-1.387,-0.002881437
-1.388,-0.002887568
-1.389,-0.002890633
-1.39,-0.002896764
-1.391,-0.002902895
-1.392,-0.002905961
-1.393,-0.002912092
-1.394,-0.002915157
-1.395,-0.002924354
-1.396,-0.002927419
-1.397,-0.002930485
-1.398,-0.002942747
-1.399,-0.002942747
-1.4,-0.002955008
-1.401,-0.002964205
-1.402,-0.002964205
-1.403,-0.002979532
-1.404,-0.002985663
-1.405,-0.002991794
-1.406,-0.003004056
-1.407,-0.003010187
-1.408,-0.003016318
-1.409,-0.003031645
-1.41,-0.003034711
-1.411,-0.003050038
-1.412,-0.003059235
-1.413,-0.003068431
-1.414,-0.003086824
-1.415,-0.003092955
-1.416,-0.003108283
-1.417,-0.00312361
-1.418,-0.003132806
-1.419,-0.003151199
-1.42,-0.003163461
-1.421,-0.003178789
-1.422,-0.003197182
-1.423,-0.003209443
-1.424,-0.003227836
-1.425,-0.003249295
-1.426,-0.003264622
-1.427,-0.003289146
-1.428,-0.003307539
-1.429,-0.003332063
-1.43,-0.003356587
-1.431,-0.003374979
-1.432,-0.003405634
-1.433,-0.003430158
-1.434,-0.003454682
-1.435,-0.003485337
-1.436,-0.003512926
-1.437,-0.003543581
-1.438,-0.003580367
-1.439,-0.003607956
-1.44,-0.003647808
-1.441,-0.003684593
-1.442,-0.003721379
-1.443,-0.003767361
-1.444,-0.003804147
-1.445,-0.003853195
-1.446,-0.003902242
-1.447,-0.003945159
-1.448,-0.004000338
-1.449,-0.004052451
-1.45,-0.00410763
-1.451,-0.004168939
-1.452,-0.004230249
-1.453,-0.004294624
-1.454,-0.004362065
-1.455,-0.004429505
-1.456,-0.004509208
-1.457,-0.004579714
-1.458,-0.004662482
-1.459,-0.004751381
-1.46,-0.004831084
-1.461,-0.004929179
-1.462,-0.005027275
-1.463,-0.005122304
-1.464,-0.005232662
-1.465,-0.005339954
-1.466,-0.005453377
-1.467,-0.005575996
-1.468,-0.00569555
-1.469,-0.005827365
-1.47,-0.005959181
-1.471,-0.006100194
-1.472,-0.006250402
-1.473,-0.006397545
-1.474,-0.006563081
-1.475,-0.006725552
-1.476,-0.006894153
-1.477,-0.007071951
-1.478,-0.007252815
-1.479,-0.007442875
-1.48,-0.007639066
-1.481,-0.007838323
-1.482,-0.008052906
-1.483,-0.008270555
-1.484,-0.008494335
-1.485,-0.008724246
-1.486,-0.008969485
-1.487,-0.009208593
-1.488,-0.009463028
-1.489,-0.009726659
-1.49,-0.009987226
-1.491,-0.01026925
-1.492,-0.01055127
-1.493,-0.01083943
-1.494,-0.01113985
-1.495,-0.01144026
-1.496,-0.01175294
-1.497,-0.01207175
-1.498,-0.01239363
-1.499,-0.01272777
-1.5,-0.01295461
-1.499,-0.0129822
-1.498,-0.0129914
-1.497,-0.0130006
-1.496,-0.01300673
-1.495,-0.01299753
-1.494,-0.01299753
-1.493,-0.01298527
-1.492,-0.01296687
-1.491,-0.01295768
-1.49,-0.01293315
-1.489,-0.01290863
-1.488,-0.01288717
-1.487,-0.01285345
-1.486,-0.01282586
-1.485,-0.01279214
-1.484,-0.01275229
-1.483,-0.01271857
-1.482,-0.01267259
-1.481,-0.01262661
-1.48,-0.01258982
-1.479,-0.01253464
-1.478,-0.01249173
-1.477,-0.01244268
-1.476,-0.0123875
-1.475,-0.01233845
-1.474,-0.01228021
-1.473,-0.01222196
-1.472,-0.01216372
-1.471,-0.01209934
-1.47,-0.01203803
-1.469,-0.01197366
-1.468,-0.01190315
-1.467,-0.01184491
-1.466,-0.01176827
-1.465,-0.01170083
-1.464,-0.01163339
-1.463,-0.01155369
-1.462,-0.01148625
-1.461,-0.01141268
-1.46,-0.01132991
-1.459,-0.0112594
-1.458,-0.0111797
-1.457,-0.01109693
-1.456,-0.01102029
-1.455,-0.01093139
-1.454,-0.01085476
-1.453,-0.01077199
-1.452,-0.01068309
-1.451,-0.01060952
-1.45,-0.01052062
-1.449,-0.01043479
-1.448,-0.01035508
-1.447,-0.01026005
-1.446,-0.01017729
-1.445,-0.01008839
-1.444,-0.009996422
-1.443,-0.009910588
-1.442,-0.009818624
-1.441,-0.009729725
-1.44,-0.009640826
-1.439,-0.009548862
-1.438,-0.009459963
-1.437,-0.009367998
-1.436,-0.009276033
-1.435,-0.0091902
-1.434,-0.00909517
-1.433,-0.009009337
-1.432,-0.008917372
-1.431,-0.008822342
-1.43,-0.008736508
-1.429,-0.00864761
-1.428,-0.008555645
-1.427,-0.008466746
-1.426,-0.008374781
-1.425,-0.008282817
-1.424,-0.008196983
-1.423,-0.008105019
-1.422,-0.008019186
-1.421,-0.007927221
-1.42,-0.007838323
-1.419,-0.007755554
-1.418,-0.007666655
-1.417,-0.007580821
-1.416,-0.007498054
-1.415,-0.007409154
-1.414,-0.007326386
-1.413,-0.007243618
-1.412,-0.007157785
-1.411,-0.007075017
-1.41,-0.006995314
-1.409,-0.006912547
-1.408,-0.006829778
-1.407,-0.006750076
-1.406,-0.006667308
-1.405,-0.006590671
-1.404,-0.006514033
-1.403,-0.006437397
-1.402,-0.006360759
-1.401,-0.006284122
-1.4,-0.006210551
-1.399,-0.006140045
-1.398,-0.006066473
-1.397,-0.005992902
-1.396,-0.005922395
-1.395,-0.005848824
-1.394,-0.005778318
-1.393,-0.005713942
-1.392,-0.005643437
-1.391,-0.00557293
-1.39,-0.005508556
-1.389,-0.00544418
-1.388,-0.00538287
-1.387,-0.005318495
-1.386,-0.005257186
-1.385,-0.005195876
-1.384,-0.005134566
-1.383,-0.005076322
-1.382,-0.005015012
-1.381,-0.004956769
-1.38,-0.004904655
-1.379,-0.004846411
-1.378,-0.004791233
-1.377,-0.004739119
-1.376,-0.004683941
-1.375,-0.004631828
-1.374,-0.004582779
-1.373,-0.004530666
-1.372,-0.004484684
-1.371,-0.004432571
-1.37,-0.004386589
-1.369,-0.004343672
-1.368,-0.004294624
-1.367,-0.004251707
-1.366,-0.004205726
-1.365,-0.004162808
-1.364,-0.004122957
-1.363,-0.004076975
-1.362,-0.004037124
-1.361,-0.003997272
-1.36,-0.003954356
-1.359,-0.003920636
-1.358,-0.003880784
-1.357,-0.003843998
-1.356,-0.003810278
-1.355,-0.003770427
-1.354,-0.003739772
-1.353,-0.003706052
-1.352,-0.003669266
-1.351,-0.003638611
-1.35,-0.003607956
-1.349,-0.003574236
-1.348,-0.003546647
-1.347,-0.003512926
-1.346,-0.003482271
-1.345,-0.003451617
-1.344,-0.003427093
-1.343,-0.003399503
-1.342,-0.003368848
-1.341,-0.00334739
-1.34,-0.003319801
-1.339,-0.003292212
-1.338,-0.003270753
-1.337,-0.003243164
-1.336,-0.00321864
-1.335,-0.003197182
-1.334,-0.003169592
-1.333,-0.003151199
-1.332,-0.003129741
-1.331,-0.003102152
-1.33,-0.003086824
-1.329,-0.0030623
-1.328,-0.003043907
-1.327,-0.00302858
-1.326,-0.003004056
-1.325,-0.002988729
-1.324,-0.002970336
-1.323,-0.002948877
-1.322,-0.00293355
-1.321,-0.002915157
-1.32,-0.002896764
-1.319,-0.002881437
-1.318,-0.002859978
-1.317,-0.002844651
-1.316,-0.002832389
-1.315,-0.002813996
-1.314,-0.002801734
-1.313,-0.002783341
-1.312,-0.002768014
-1.311,-0.002755752
-1.31,-0.002737359
-1.309,-0.002725097
-1.308,-0.002712835
-1.307,-0.002694442
-1.306,-0.00268218
-1.305,-0.002672984
-1.304,-0.002657657
-1.303,-0.002642329
-1.302,-0.002633133
-1.301,-0.002617805
-1.3,-0.002608609
-1.299,-0.002596347
-1.298,-0.00258102
-1.297,-0.002571823
-1.296,-0.002559561
-1.295,-0.002550365
-1.294,-0.002538103
-1.293,-0.002525841
-1.292,-0.002516645
-1.291,-0.002504382
-1.29,-0.002495186
-1.289,-0.00248599
-1.288,-0.002470662
-1.287,-0.002464531
-1.286,-0.002455335
-1.285,-0.002443073
-1.284,-0.002433876
-1.283,-0.00242468
-1.282,-0.002415484
-1.281,-0.002406287
-1.28,-0.002397091
-1.279,-0.002387894
-1.278,-0.002378698
-1.277,-0.002369501
-1.276,-0.002360305
-1.275,-0.002354174
-1.274,-0.002344977
-1.273,-0.002335781
-1.272,-0.00232965
-1.271,-0.002317388
-1.27,-0.002311257
-1.269,-0.002302061
-1.268,-0.002292864
-1.267,-0.002286733
-1.266,-0.002277537
-1.265,-0.00226834
-1.264,-0.002265275
-1.263,-0.002256078
-1.262,-0.002249948
-1.261,-0.002240751
-1.26,-0.002231555
-1.259,-0.002225423
-1.258,-0.002219293
-1.257,-0.002210096
-1.256,-0.002203965
-1.255,-0.002194769
-1.254,-0.002188638
-1.253,-0.002182507
-1.252,-0.002176376
-1.251,-0.002170245
-1.25,-0.002161048
-1.249,-0.002154917
-1.248,-0.002148786
-1.247,-0.002142655
-1.246,-0.002136525
-1.245,-0.002130394
-1.244,-0.002121197
-1.243,-0.002118132
-1.242,-0.002108935
-1.241,-0.002102804
-1.24,-0.002096673
-1.239,-0.002087477
-1.238,-0.002084411
-1.237,-0.00207828
-1.236,-0.002072149
-1.235,-0.002069084
-1.234,-0.002059887
-1.233,-0.002053756
-1.232,-0.002050691
-1.231,-0.00204456
-1.23,-0.002038429
-1.229,-0.002032298
-1.228,-0.002026167
-1.227,-0.002020036
-1.226,-0.002013905
-1.225,-0.00201084
-1.224,-0.002004709
-1.223,-0.001995512
-1.222,-0.001992447
-1.221,-0.001989381
-1.22,-0.001980185
-1.219,-0.001980185
-1.218,-0.001970988
-1.217,-0.001964858
-1.216,-0.001961792
-1.215,-0.001955661
-1.214,-0.001952596
-1.213,-0.00194953
-1.212,-0.001943399
-1.211,-0.001937268
-1.21,-0.001934203
-1.209,-0.001925006
-1.208,-0.001925006
-1.207,-0.00191581
-1.206,-0.00191581
-1.205,-0.001909679
-1.204,-0.001903548
-1.203,-0.001900482
-1.202,-0.001894351
-1.201,-0.001891286
-1.2,-0.00188822
-1.199,-0.00188209
-1.198,-0.001879024
-1.197,-0.001875959
-1.196,-0.001869828
-1.195,-0.001866762
-1.194,-0.001860631
-1.193,-0.001857566
-1.192,-0.001851435
-1.191,-0.001848369
-1.19,-0.001845304
-1.189,-0.001839173
-1.188,-0.001836107
-1.187,-0.001833042
-1.186,-0.001826911
-1.185,-0.001826911
-1.184,-0.00182078
-1.183,-0.001814649
-1.182,-0.001814649
-1.181,-0.001808518
-1.18,-0.001802387
-1.179,-0.001802387
-1.178,-0.00179319
-1.177,-0.00179319
-1.176,-0.001790125
-1.175,-0.001783994
-1.174,-0.001780929
-1.173,-0.001774798
-1.172,-0.001774798
-1.171,-0.001771732
-1.17,-0.001765601
-1.169,-0.001765601
-1.168,-0.00175947
-1.167,-0.001756405
-1.166,-0.001753339
-1.165,-0.001747208
-1.164,-0.001744143
-1.163,-0.001741077
-1.162,-0.001734946
-1.161,-0.001734946
-1.16,-0.001728815
-1.159,-0.00172575
-1.158,-0.001722684
-1.157,-0.001716554
-1.156,-0.001716554
-1.155,-0.001713488
-1.154,-0.001707357
-1.153,-0.001704292
-1.152,-0.001701226
-1.151,-0.001698161
-1.15,-0.001695095
-1.149,-0.001688964
-1.148,-0.001688964
-1.147,-0.001682833
-1.146,-0.001679768
-1.145,-0.001676702
-1.144,-0.001670571
-1.143,-0.001670571
-1.142,-0.001667506
-1.141,-0.001661375
-1.14,-0.001658309
-1.139,-0.001655244
-1.138,-0.001652178
-1.137,-0.001649113
-1.136,-0.001642982
-1.135,-0.001639916
-1.134,-0.001636851
-1.133,-0.001633785
-1.132,-0.00163072
-1.131,-0.001624589
-1.13,-0.001621523
-1.129,-0.001653816
-1.128,-0.001647992
-1.127,-0.001646153
-1.126,-0.001642781
-1.125,-0.001637876
-1.124,-0.00163573
-1.123,-0.001631132
-1.122,-0.001628066
-1.121,-0.001623468
-1.12,-0.001619176
-1.119,-0.001618257
-1.118,-0.001613045
-1.117,-0.001608754
-1.116,-0.001606301
-1.115,-0.001601703
-1.114,-0.001596798
-1.113,-0.001594959
-1.112,-0.001590054
-1.111,-0.001586376
-1.11,-0.00158423
-1.109,-0.001579325
-1.108,-0.001575953
-1.107,-0.001572581
-1.106,-0.001567676
-1.105,-0.001564917
-1.104,-0.001561239
-1.103,-0.001557254
-1.102,-0.001555414
-1.101,-0.001551429
-1.1,-0.001546831
-1.099,-0.001544379
-1.098,-0.001540393
-1.097,-0.001536408
-1.096,-0.001533649
-1.095,-0.001529971
-1.094,-0.001525679
-1.093,-0.00152384
-1.092,-0.001518935
-1.091,-0.001516176
-1.09,-0.001513111
-1.089,-0.001508819
-1.088,-0.00150606
-1.087,-0.001502075
-1.086,-0.001499622
-1.085,-0.001495331
-1.084,-0.001492265
-1.083,-0.001490119
-1.082,-0.001485521
-1.081,-0.001483376
-1.08,-0.00147939
-1.079,-0.001474792
-1.078,-0.001472646
-1.077,-0.001469274
-1.076,-0.001465596
-1.075,-0.001464369
-1.074,-0.001460384
-1.073,-0.001458239
-1.072,-0.001453027
-1.071,-0.001448736
-1.07,-0.00144659
-1.069,-0.001442911
-1.068,-0.001441072
-1.067,-0.0014377
-1.066,-0.001433408
-1.065,-0.001430649
-1.064,-0.001428197
-1.063,-0.001423599
-1.062,-0.001422679
-1.061,-0.001418694
-1.06,-0.001414402
-1.059,-0.001414402
-1.058,-0.001408884
-1.057,-0.001408271
-1.056,-0.001404899
-1.055,-0.001399688
-1.054,-0.001399075
-1.053,-0.001395396
-1.052,-0.001391104
-1.051,-0.001390491
-1.05,-0.00138528
-1.049,-0.001383747
-1.048,-0.001381601
-1.047,-0.00137639
-1.046,-0.00137731
-1.045,-0.001371179
-1.044,-0.001369646
-1.043,-0.001368726
-1.042,-0.001362595
-1.041,-0.001361982
-1.04,-0.00135953
-1.039,-0.001355851
-1.038,-0.001353706
-1.037,-0.001349414
-1.036,-0.001346655
-1.035,-0.001344203
-1.034,-0.001340217
-1.033,-0.001338685
-1.032,-0.001334087
-1.031,-0.001331941
-1.03,-0.001331327
-1.029,-0.001325503
-1.028,-0.00132489
-1.027,-0.001323051
-1.026,-0.001317533
-1.025,-0.001318146
-1.024,-0.001314467
-1.023,-0.001310176
-1.022,-0.001309563
-1.021,-0.001304351
-1.02,-0.001301592
-1.019,-0.001300366
-1.018,-0.001295155
-1.017,-0.001294542
-1.016,-0.00129117
-1.015,-0.001286878
-1.014,-0.001288104
-1.013,-0.001281973
-1.012,-0.001280747
-1.011,-0.001279214
-1.01,-0.001274616
-1.009,-0.001274003
-1.008,-0.001270631
-1.007,-0.001266339
-1.006,-0.001265113
-1.005,-0.001260515
-1.004,-0.001257143
-1.003,-0.00125561
-1.002,-0.001251625
-1.001,-0.001249173
-1,-0.001247027
-0.9990003,-0.001242429
-0.9980002,-0.001240589
-0.9970002,-0.00123783
-0.9960002,-0.001233539
-0.9950002,-0.001231086
-0.9940003,-0.00122894
-0.9930002,-0.001224649
-0.9920002,-0.001223116
-0.9910002,-0.001220357
-0.9900002,-0.001215759
-0.9890002,-0.001214533
-0.9880002,-0.001210854
-0.9870002,-0.001207482
-0.9860002,-0.001204723
-0.9850003,-0.001201045
-0.9840002,-0.001198592
-0.9830002,-0.001196446
-0.9820002,-0.001191848
-0.9810002,-0.001189702
-0.9800002,-0.001186943
-0.9790002,-0.001183878
-0.9780002,-0.001182345
-0.9770002,-0.001176827
-0.9760002,-0.001174988
-0.9750002,-0.001171616
-0.9740002,-0.001167324
-0.9730002,-0.001164872
-0.9720002,-0.001162419
-0.9710003,-0.001158434
-0.9700002,-0.001158128
-0.9690002,-0.001152916
-0.9680002,-0.00115261
-0.9670002,-0.001149238
-0.9660002,-0.001145559
-0.9650002,-0.00114372
-0.9640002,-0.001140041
-0.9630002,-0.001137589
-0.9620003,-0.001134217
-0.9610002,-0.001130845
-0.9600002,-0.001128086
-0.9590002,-0.001125327
-0.9580002,-0.001121342
-0.9570003,-0.001120116
-0.9560002,-0.001115518
-0.9550002,-0.001113065
-0.9540002,-0.001111226
-0.9530002,-0.001106628
-0.9520002,-0.001105095
-0.9510002,-0.001101416
-0.9500002,-0.001097431
-0.9490002,-0.001095592
-0.9480003,-0.0010913
-0.9470002,-0.001089154
-0.9460002,-0.001085476
-0.9450002,-0.001081184
-0.9440002,-0.001079651
-0.9430002,-0.00107444
-0.9420002,-0.001072601
-0.9410002,-0.001070761
-0.9400002,-0.00106555
-0.9390002,-0.001064631
-0.9380002,-0.001060645
-0.9370002,-0.001055741
-0.9360002,-0.001054514
-0.9350002,-0.001050836
-0.9340003,-0.001046544
-0.9330002,-0.001044398
-0.9320002,-0.00104072
-0.9310002,-0.001037041
-0.9300002,-0.001034589
-0.9290002,-0.00103091
-0.9280002,-0.001026312
-0.9270002,-0.001025086
-0.9260002,-0.001020181
-0.9250003,-0.001017729
-0.9240002,-0.00101497
-0.9230002,-0.001009758
-0.9220002,-0.001008532
-0.9210002,-0.001003627
-0.9200003,-0.001002095
-0.9190002,-0.0009996422
-0.9180002,-0.0009959637
-0.9170002,-0.0009935113
-0.9160002,-0.0009901392
-0.9150002,-0.0009864607
-0.9140002,-0.0009846214
-0.9130002,-0.0009803297
-0.9120002,-0.0009781838
-0.9110003,-0.0009748118
-0.9100002,-0.0009708267
-0.9090002,-0.000969294
-0.9080002,-0.0009643892
-0.9070002,-0.0009619368
-0.9060002,-0.0009600975
-0.9050002,-0.0009551927
-0.9040002,-0.0009539665
-0.9030002,-0.000950288
-0.9020002,-0.0009466094
-0.9010002,-0.0009447701
-0.9000002,-0.0009398654
-0.8990002,-0.0009377195
-0.8980002,-0.0009349606
-0.8970003,-0.0009303623
-0.8960002,-0.0009297492
-0.8950002,-0.000925151
-0.8940002,-0.0009220855
-0.8930002,-0.0009211659
-0.8920002,-0.000915648
-0.8910002,-0.0009144219
-0.8900002,-0.0009113564
-0.8890002,-0.0009076777
-0.8880002,-0.0009055319
-0.8870002,-0.0009018534
-0.8860002,-0.0008981748
-0.8850002,-0.0008957224
-0.8840002,-0.0008920438
-0.8830003,-0.000889898
-0.8820002,-0.0008862194
-0.8810002,-0.0008828474
-0.8800002,-0.000881008
-0.8790002,-0.000877023
-0.8780002,-0.0008739574
-0.8770002,-0.0008718116
-0.8760002,-0.0008678265
-0.8750002,-0.000864761
-0.8740003,-0.0008629217
-0.8730002,-0.0008592432
-0.8720002,-0.0008561776
-0.8710002,-0.0008540318
-0.8700002,-0.0008503532
-0.8690003,-0.0008472878
-0.8680002,-0.0008448354
-0.8670002,-0.0008417699
-0.8660002,-0.0008387044
-0.8650002,-0.0008347193
-0.8640002,-0.0008331866
-0.8630002,-0.0008301211
-0.8620002,-0.000826749
-0.8610002,-0.0008258293
-0.8600003,-0.0008218443
-0.8590002,-0.0008187788
-0.8580002,-0.000817246
-0.8570002,-0.000813874
-0.8560002,-0.0008114216
-0.8550002,-0.0008089693
-0.8540002,-0.0008055972
-0.8530002,-0.0008034513
-0.8520002,-0.0008000793
-0.8510002,-0.0007964008
-0.8500002,-0.0007954811
-0.8490002,-0.0007908829
-0.8480002,-0.0007881239
-0.8470002,-0.0007872043
-0.8460003,-0.0007829126
-0.8450002,-0.0007807668
-0.8440002,-0.0007804602
-0.8430002,-0.0007764751
-0.8420002,-0.0007731031
-0.8410002,-0.0007712637
-0.8400002,-0.0007681983
-0.8390002,-0.0007657459
-0.8380002,-0.0007639066
-0.8370003,-0.0007614543
-0.8360002,-0.0007574691
-0.8350002,-0.0007559364
-0.8340002,-0.0007540971
-0.8330002,-0.0007494989
-0.8320003,-0.0007479661
-0.8310002,-0.0007458202
-0.8300002,-0.0007421417
-0.8290002,-0.0007415286
-0.8280002,-0.0007384631
-0.8270002,-0.0007360107
-0.8260002,-0.0007347845
-0.8250002,-0.0007307994
-0.8240002,-0.0007295733
-0.8230003,-0.0007271208
-0.8220002,-0.0007240553
-0.8210002,-0.0007231357
-0.8200002,-0.0007200702
-0.8190002,-0.0007176179
-0.8180002,-0.0007163917
-0.8170002,-0.0007133262
-0.8160002,-0.0007105672
-0.8150002,-0.0007084214
-0.8140002,-0.0007053559
-0.8130002,-0.0007047429
-0.8120002,-0.0007010642
-0.8110002,-0.0006992249
-0.8100002,-0.0006976922
-0.8090003,-0.0006943202
-0.8080002,-0.0006924809
-0.8070002,-0.0006906416
-0.8060002,-0.0006872696
-0.8050002,-0.0006857368
-0.8040002,-0.0006832844
-0.8030002,-0.0006814452
-0.8020002,-0.0006789928
-0.8010002,-0.0006768469
-0.8000003,-0.000684204
-0.8009998,-0.0006934005
-0.8019998,-0.0007001446
-0.8029998,-0.0007062756
-0.8039998,-0.0007117934
-0.8049998,-0.0007179244
-0.8059998,-0.0007228291
-0.8069998,-0.0007268143
-0.8079998,-0.0007326387
-0.8089998,-0.0007363172
-0.8099998,-0.000740609
-0.8109998,-0.0007458202
-0.8119998,-0.000750112
-0.8129998,-0.0007537905
-0.8139998,-0.0007583887
-0.8149998,-0.0007623739
-0.8159998,-0.0007660525
-0.8169998,-0.0007709572
-0.8179998,-0.0007737162
-0.8189998,-0.0007786209
-0.8199998,-0.0007829126
-0.8209998,-0.000785365
-0.8219998,-0.0007918025
-0.8229998,-0.0007942549
-0.8239998,-0.0007988531
-0.8249998,-0.0008034513
-0.8259998,-0.0008068234
-0.8269998,-0.0008108085
-0.8279998,-0.0008144871
-0.8289998,-0.0008178591
-0.8299998,-0.0008221508
-0.8309998,-0.0008258293
-0.8319998,-0.0008301211
-0.8329998,-0.0008337997
-0.8339998,-0.0008365586
-0.8349998,-0.0008411568
-0.8359998,-0.0008445288
-0.8369998,-0.000848514
-0.8379998,-0.000852499
-0.8389998,-0.0008564842
-0.8399998,-0.0008598563
-0.8409998,-0.0008635348
-0.8419998,-0.0008675199
-0.8429998,-0.0008711985
-0.8439998,-0.000874264
-0.8449998,-0.0008785557
-0.8459998,-0.0008828474
-0.8469998,-0.0008856063
-0.8479998,-0.0008895915
-0.8489998,-0.0008935765
-0.8499998,-0.000896642
-0.8509998,-0.0009012403
-0.8519998,-0.0009046123
-0.8529998,-0.0009073712
-0.8539998,-0.000912276
-0.8549998,-0.0009159546
-0.8559998,-0.0009184069
-0.8569998,-0.0009233117
-0.8579998,-0.0009269903
-0.8589998,-0.0009297492
-0.8599998,-0.000934654
-0.8609998,-0.000937413
-0.8619998,-0.0009410915
-0.8629998,-0.0009453832
-0.8639998,-0.0009484487
-0.8649998,-0.0009521273
-0.8659998,-0.0009564189
-0.8669998,-0.0009600975
-0.8679998,-0.0009640827
-0.8689998,-0.0009668416
-0.8699998,-0.0009708267
-0.8709998,-0.0009751184
-0.8719998,-0.0009784905
-0.8729998,-0.0009833951
-0.8739998,-0.0009867672
-0.8749998,-0.0009907524
-0.8759998,-0.000994431
-0.8769998,-0.0009971899
-0.8779998,-0.001001788
-0.8789998,-0.00100608
-0.8799998,-0.001008532
-0.8809998,-0.001013744
-0.8819998,-0.001017422
-0.8829998,-0.001020488
-0.8839998,-0.001025086
-0.8849998,-0.001028458
-0.8859998,-0.001032443
-0.8869998,-0.001038267
-0.8879998,-0.0010398
-0.8889998,-0.001044092
-0.8899998,-0.001048384
-0.8909998,-0.001050529
-0.8919998,-0.001056354
-0.8929998,-0.001060339
-0.8939998,-0.001062485
-0.8949998,-0.001067389
-0.8959998,-0.001071681
-0.8969998,-0.00107444
-0.8979998,-0.001078425
-0.8989998,-0.001083637
-0.8999998,-0.001086089
-0.9009998,-0.001090381
-0.9019998,-0.001095592
-0.9029998,-0.001098351
-0.9039998,-0.001101723
-0.9049998,-0.001107241
-0.9059998,-0.001109387
-0.9069998,-0.001113678
-0.9079998,-0.001119809
-0.9089998,-0.001121342
-0.9099998,-0.001126553
-0.9109998,-0.001130232
-0.9119998,-0.001132378
-0.9129998,-0.001138202
-0.9139998,-0.001141574
-0.9149998,-0.00114464
-0.9159998,-0.001148931
-0.9169998,-0.001151997
-0.9179998,-0.001156288
-0.9189998,-0.001159967
-0.9199998,-0.001163339
-0.9209998,-0.001167324
-0.9219998,-0.001171309
-0.9229998,-0.001174375
-0.9239998,-0.001179586
-0.9249998,-0.001182038
-0.9259998,-0.001185411
-0.9269998,-0.001190928
-0.9279998,-0.001193074
-0.9289998,-0.001197366
-0.9299998,-0.001202271
-0.9309998,-0.00120319
-0.9319998,-0.001209628
-0.9329998,-0.00121208
-0.9339998,-0.001216372
-0.9349998,-0.001220664
-0.9359998,-0.00122281
-0.9369998,-0.001226181
-0.9379998,-0.001229247
-0.9389998,-0.001235071
-0.9399998,-0.00123875
-0.9409998,-0.001242122
-0.9419998,-0.00124672
-0.9429998,-0.001249479
-0.9439998,-0.001252238
-0.9449998,-0.00125745
-0.9459998,-0.001259595
-0.9469998,-0.001262967
-0.9479998,-0.001267566
-0.9489998,-0.001270018
-0.9499998,-0.001274923
-0.9509998,-0.001277988
-0.9519998,-0.001281054
-0.9529998,-0.001285039
-0.9539998,-0.001287491
-0.9549998,-0.001291783
-0.9559998,-0.001294848
-0.9569998,-0.00129822
-0.9579998,-0.001303125
-0.9589998,-0.001305271
-0.9599998,-0.001307723
-0.9609998,-0.001312935
-0.9619998,-0.001314467
-0.9629998,-0.001318146
-0.9639998,-0.001323357
-0.9649998,-0.00132397
-0.9659998,-0.001328569
-0.9669998,-0.0013347
-0.9679998,-0.001335926
-0.9689998,-0.001338072
-0.9699998,-0.001343283
-0.9709998,-0.001345429
-0.9719998,-0.001347268
-0.9729998,-0.001352479
-0.9739998,-0.001354625
-0.9749998,-0.001356771
-0.9759998,-0.001362595
-0.9769998,-0.001365661
-0.9779998,-0.001367194
-0.9789998,-0.001374551
-0.9799998,-0.00137547
-0.9809998,-0.001378536
-0.9819998,-0.001385893
-0.9829998,-0.00138528
-0.9839998,-0.001390798
-0.9849998,-0.001395396
-0.9859998,-0.001396316
-0.9869998,-0.001401221
-0.9879998,-0.001403979
-0.9889998,-0.001405206
-0.9899998,-0.001409804
-0.9909998,-0.001411643
-0.9919998,-0.001415935
-0.9929998,-0.001417774
-0.9939998,-0.001420533
-0.9949998,-0.001425131
-0.9959998,-0.001426664
-0.9969998,-0.001430956
-0.9979998,-0.001432795
-0.9989998,-0.001435247
-0.9999998,-0.001439539
-1.001,-0.001441378
-1.002,-0.001445057
-1.003,-0.001449349
-1.004,-0.001450268
-1.005,-0.00145548
-1.006,-0.001457625
-1.007,-0.001459465
-1.008,-0.001466209
-1.009,-0.001465596
-1.01,-0.001469274
-1.011,-0.001474179
-1.012,-0.001474792
-1.013,-0.001478164
-1.014,-0.00148123
-1.015,-0.001482149
-1.016,-0.001485521
-1.017,-0.001487667
-1.018,-0.001491959
-1.019,-0.001494718
-1.02,-0.001496251
-1.021,-0.001499009
-1.022,-0.001501768
-1.023,-0.001503608
-1.024,-0.00150606
-1.025,-0.001510352
-1.026,-0.001512804
-1.027,-0.00151587
-1.028,-0.001516483
-1.029,-0.001522001
-1.03,-0.001523227
-1.031,-0.001525066
-1.032,-0.001529358
-1.033,-0.001529664
-1.034,-0.001532117
-1.035,-0.001536715
-1.036,-0.001537635
-1.037,-0.001543459
-1.038,-0.001544072
-1.039,-0.001545911
-1.04,-0.001551429
-1.041,-0.001552042
-1.042,-0.001555108
-1.043,-0.001558173
-1.044,-0.001560932
-1.045,-0.001563385
-1.046,-0.00156553
-1.047,-0.001569516
-1.048,-0.001569822
-1.049,-0.001571968
-1.05,-0.001576566
-1.051,-0.001578099
-1.052,-0.001579938
-1.053,-0.001584843
-1.054,-0.001585456
-1.055,-0.001589441
-1.056,-0.001592813
-1.057,-0.001593733
-1.058,-0.001597105
-1.059,-0.00160017
-1.06,-0.001599864
-1.061,-0.001605382
-1.062,-0.001606301
-1.063,-0.001606914
-1.064,-0.001612126
-1.065,-0.001614272
-1.066,-0.001615498
-1.067,-0.001619483
-1.068,-0.001621322
-1.069,-0.001623161
-1.07,-0.001627453
-1.071,-0.001628679
-1.072,-0.001631438
-1.073,-0.001633584
-1.074,-0.001636343
-1.075,-0.001638489
-1.076,-0.001642168
-1.077,-0.001644007
-1.078,-0.00164554
-1.079,-0.001648912
-1.08,-0.001651977
-1.081,-0.001652897
-1.082,-0.001655043
-1.083,-0.001659334
-1.084,-0.001660254
-1.085,-0.001663932
-1.086,-0.001667611
-1.087,-0.001668531
-1.088,-0.001671903
-1.089,-0.001674968
-1.09,-0.001676194
-1.091,-0.00167834
-1.092,-0.001682632
-1.093,-0.001683551
-1.094,-0.00168723
-1.095,-0.001690296
-1.096,-0.001691215
-1.097,-0.00169704
-1.098,-0.001697346
-1.099,-0.001701638
-1.1,-0.001704397
-1.101,-0.001707156
-1.102,-0.001710528
-1.103,-0.00171298
-1.104,-0.001715739
-1.105,-0.001719111
-1.106,-0.00172095
-1.107,-0.001727388
-1.108,-0.001727388
-1.109,-0.001732293
-1.11,-0.001736584
-1.111,-0.001736891
-1.112,-0.001743328
-1.113,-0.001745781
-1.114,-0.00174762
-1.115,-0.001752218
-1.116,-0.001754364
-1.117,-0.00175743
-1.118,-0.001760188
-1.119,-0.001762948
-1.12,-0.001768159
-1.121,-0.001768159
-1.122,-0.001775209
-1.123,-0.001777662
-1.124,-0.001779195
-1.125,-0.001784712
-1.126,-0.001787471
-1.127,-0.001788391
-1.128,-0.001793296
-1.129,-0.001796974
-1.13,-0.001799733
-1.131,-0.001804025
-1.132,-0.00180709
-1.133,-0.00180893
-1.134,-0.001813835
-1.135,-0.001817207
-1.136,-0.001818433
-1.137,-0.001823644
-1.138,-0.001826097
-1.139,-0.001829162
-1.14,-0.001834373
-1.141,-0.001836519
-1.142,-0.001838972
-1.143,-0.001843876
-1.144,-0.001846635
-1.145,-0.001849701
-1.146,-0.001854605
-1.147,-0.001857671
-1.148,-0.001858897
-1.149,-0.001862882
-1.15,-0.001866561
-1.151,-0.00186748
-1.152,-0.001871159
-1.153,-0.001875757
-1.154,-0.001876677
-1.155,-0.001880662
-1.156,-0.00188526
-1.157,-0.001885873
-1.158,-0.001889552
-1.159,-0.001892924
-1.16,-0.00189415
-1.161,-0.001897216
-1.162,-0.001901507
-1.163,-0.001902427
-1.164,-0.001907025
-1.165,-0.001909478
-1.166,-0.001910704
-1.167,-0.001915609
-1.168,-0.001916528
-1.169,-0.001918981
-1.17,-0.001922966
-1.171,-0.001922659
-1.172,-0.001927564
-1.173,-0.001930629
-1.174,-0.001932162
-1.175,-0.001937067
-1.176,-0.001937374
-1.177,-0.001939519
-1.178,-0.001943198
-1.179,-0.001942891
-1.18,-0.001946877
-1.181,-0.001951168
-1.182,-0.001950862
-1.183,-0.001956073
-1.184,-0.001957299
-1.185,-0.001962204
-1.186,-0.00196343
-1.187,-0.001964963
-1.188,-0.001969255
-1.189,-0.001971707
-1.19,-0.001975079
-1.191,-0.001976918
-1.192,-0.001979984
-1.193,-0.001983969
-1.194,-0.001985195
-1.195,-0.001989487
-1.196,-0.001993778
-1.197,-0.001994391
-1.198,-0.001999296
-1.199,-0.002003894
-1.2,-0.002005121
-1.201,-0.002009412
-1.202,-0.002013091
-1.203,-0.002014623
-1.204,-0.002020142
-1.205,-0.0020229
-1.206,-0.002027499
-1.207,-0.002031484
-1.208,-0.002033936
-1.209,-0.00203976
-1.21,-0.0020416
-1.211,-0.002045585
-1.212,-0.002052022
-1.213,-0.002054475
-1.214,-0.002058767
-1.215,-0.002063978
-1.216,-0.002064897
-1.217,-0.002072254
-1.218,-0.00207532
-1.219,-0.002077159
-1.22,-0.002085743
-1.221,-0.002089115
-1.222,-0.002092487
-1.223,-0.002098924
-1.224,-0.002102296
-1.225,-0.002107508
-1.226,-0.002113026
-1.227,-0.002116397
-1.228,-0.002122222
-1.229,-0.002127127
-1.23,-0.002132032
-1.231,-0.002137856
-1.232,-0.002142148
-1.233,-0.002147972
-1.234,-0.002153797
-1.235,-0.002158088
-1.236,-0.002164832
-1.237,-0.002170657
-1.238,-0.002175561
-1.239,-0.002183838
-1.24,-0.002187823
-1.241,-0.002193035
-1.242,-0.002201005
-1.243,-0.00220407
-1.244,-0.002212041
-1.245,-0.002220011
-1.246,-0.002223077
-1.247,-0.002232886
-1.248,-0.002236871
-1.249,-0.002247907
-1.25,-0.002255571
-1.251,-0.002260782
-1.252,-0.002270591
-1.253,-0.002277948
-1.254,-0.002284386
-1.255,-0.002294196
-1.256,-0.002299407
-1.257,-0.002308603
-1.258,-0.002317187
-1.259,-0.002323931
-1.26,-0.002335273
-1.261,-0.002341097
-1.262,-0.002349987
-1.263,-0.002361023
-1.264,-0.00236838
-1.265,-0.002378496
-1.266,-0.002388612
-1.267,-0.002396276
-1.268,-0.002407925
-1.269,-0.002417122
-1.27,-0.002424172
-1.271,-0.002436741
-1.272,-0.002447776
-1.273,-0.002456666
-1.274,-0.002468008
-1.275,-0.002478431
-1.276,-0.002488241
-1.277,-0.002500809
-1.278,-0.002510619
-1.279,-0.002521348
-1.28,-0.002534529
-1.281,-0.002545872
-1.282,-0.00255844
-1.283,-0.002569476
-1.284,-0.002581738
-1.285,-0.002595532
-1.286,-0.002608101
-1.287,-0.00261975
-1.288,-0.002633545
-1.289,-0.002646726
-1.29,-0.00266328
-1.291,-0.002674622
-1.292,-0.002689949
-1.293,-0.002704051
-1.294,-0.002716313
-1.295,-0.002733479
-1.296,-0.002749113
-1.297,-0.002762601
-1.298,-0.002780994
-1.299,-0.002795709
-1.3,-0.002810729
-1.301,-0.002831268
-1.302,-0.002843837
-1.303,-0.002866215
-1.304,-0.002881542
-1.305,-0.002898709
-1.306,-0.002918328
-1.307,-0.002934575
-1.308,-0.002953887
-1.309,-0.002973813
-1.31,-0.00299098
-1.311,-0.003012745
-1.312,-0.002997925
-1.313,-0.003016318
-1.314,-0.003040842
-1.315,-0.003059235
-1.316,-0.003083759
-1.317,-0.003105217
-1.318,-0.003126675
-1.319,-0.003151199
-1.32,-0.003172658
-1.321,-0.003197182
-1.322,-0.003224771
-1.323,-0.003249295
-1.324,-0.003276884
-1.325,-0.003301408
-1.326,-0.003325932
-1.327,-0.003356587
-1.328,-0.003384176
-1.329,-0.003414831
-1.33,-0.003445486
-1.331,-0.003473075
-1.332,-0.003509861
-1.333,-0.003540515
-1.334,-0.00357117
-1.335,-0.003607956
-1.336,-0.003641677
-1.337,-0.003675397
-1.338,-0.003715248
-1.339,-0.003748968
-1.34,-0.00378882
-1.341,-0.003825605
-1.342,-0.003868522
-1.343,-0.003911439
-1.344,-0.00395129
-1.345,-0.004000338
-1.346,-0.004043255
-1.347,-0.004086172
-1.348,-0.004138284
-1.349,-0.004184267
-1.35,-0.004233315
-1.351,-0.004285428
-1.352,-0.004337541
-1.353,-0.004395785
-1.354,-0.004447898
-1.355,-0.004509208
-1.356,-0.004567452
-1.357,-0.004625696
-1.358,-0.004693137
-1.359,-0.004760577
-1.36,-0.004821887
-1.361,-0.004895459
-1.362,-0.004965965
-1.363,-0.005036471
-1.364,-0.005116174
-1.365,-0.005192811
-1.366,-0.005272513
-1.367,-0.005358347
-1.368,-0.005441115
-1.369,-0.005530014
-1.37,-0.005621978
-1.371,-0.005713942
-1.372,-0.005812038
-1.373,-0.005910133
-1.374,-0.006008229
-1.375,-0.006118587
-1.376,-0.006222813
-1.377,-0.00633317
-1.378,-0.006449659
-1.379,-0.006566147
-1.38,-0.006688766
-1.381,-0.006811386
-1.382,-0.006940136
-1.383,-0.007071951
-1.384,-0.007200702
-1.385,-0.007344779
-1.386,-0.007485792
-1.387,-0.007626804
-1.388,-0.007780078
-1.389,-0.007933352
-1.39,-0.008089691
-1.391,-0.008252162
-1.392,-0.008414633
-1.393,-0.008583235
-1.394,-0.008757967
-1.395,-0.008932699
-1.396,-0.009116628
-1.397,-0.009297492
-1.398,-0.009484487
-1.399,-0.009680677
-1.4,-0.009876868
-1.401,-0.01007306
-1.402,-0.01028151
-1.403,-0.01048997
-1.404,-0.01069842
-1.405,-0.01091607
-1.406,-0.01113678
-1.407,-0.01136056
-1.408,-0.01158741
-1.409,-0.01181732
-1.41,-0.01205643
-1.411,-0.01229553
-1.412,-0.01253771
-1.413,-0.01278908
-1.414,-0.01303738
-1.415,-0.01329488
-1.416,-0.01355545
-1.417,-0.01381908
-1.418,-0.01408271
-1.419,-0.01435247
-1.42,-0.01463143
-1.421,-0.01490426
-1.422,-0.01518322
-1.423,-0.01546831
-1.424,-0.0157534
-1.425,-0.01604155
-1.426,-0.01634197
-1.427,-0.01663319
-1.428,-0.01693361
-1.429,-0.01723709
-1.43,-0.01754057
-1.431,-0.01785325
-1.432,-0.01816287
-1.433,-0.01847861
-1.434,-0.01880049
-1.435,-0.0191193
-1.436,-0.01944424
-1.437,-0.01977225
-1.438,-0.02009719
-1.439,-0.02043439
-1.44,-0.02076853
-1.441,-0.02110266
-1.442,-0.021446
-1.443,-0.0217832
-1.444,-0.02212347
-1.445,-0.02247293
-1.446,-0.02282546
-1.447,-0.02317493
-1.448,-0.02353053
-1.449,-0.02387999
-1.45,-0.02423559
-1.451,-0.02459732
-1.452,-0.02495597
-1.453,-0.02532077
-1.454,-0.02568556
-1.455,-0.02605342
-1.456,-0.02642128
-1.457,-0.0267922
-1.458,-0.02716312
-1.459,-0.02753405
-1.46,-0.0279203
-1.461,-0.02828816
-1.462,-0.02866521
-1.463,-0.02905146
-1.464,-0.02943465
-1.465,-0.02981476
-1.466,-0.03020715
-1.467,-0.03071497
-1.468,-0.03108283
-1.469,-0.03148134
-1.47,-0.03187985
-1.471,-0.03227837
-1.472,-0.03267688
-1.473,-0.03307539
-1.474,-0.03347391
-1.475,-0.03387242
-1.476,-0.03427093
-1.477,-0.03466944
-1.478,-0.0350373
-1.479,-0.03546647
-1.48,-0.03586498
-1.481,-0.03626349
-1.482,-0.036662
-1.483,-0.03706052
-1.484,-0.03745903
-1.485,-0.03785754
-1.486,-0.03828671
-1.487,-0.03868522
-1.488,-0.03905308
-1.489,-0.03948225
-1.49,-0.03991142
-1.491,-0.04030993
-1.492,-0.04070844
-1.493,-0.04110695
-1.494,-0.04153612
-1.495,-0.04193464
-1.496,-0.04233315
-1.497,-0.04276232
-1.498,-0.04316083
-1.499,-0.04355934
-1.5,-0.04377393
-1.499,-0.04346738
-1.498,-0.04316083
-1.497,-0.04288493
-1.496,-0.04257839
-1.495,-0.04227184
-1.494,-0.04196529
-1.493,-0.04165874
-1.492,-0.04132154
-1.491,-0.04104565
-1.49,-0.04070844
-1.489,-0.04037124
-1.488,-0.04003404
-1.487,-0.03972749
-1.486,-0.03939028
-1.485,-0.03905308
-1.484,-0.03874653
-1.483,-0.03840933
-1.482,-0.03807213
-1.481,-0.03776558
-1.48,-0.03739772
-1.479,-0.03709117
-1.478,-0.03675397
-1.477,-0.03641677
-1.476,-0.03611022
-1.475001,-0.03577302
-1.474,-0.03543581
-1.473,-0.03509861
-1.472,-0.03476141
-1.471,-0.0344242
-1.47,-0.03411765
-1.469,-0.0337498
-1.468,-0.03344325
-1.467,-0.03310604
-1.466,-0.03276884
-1.465,-0.0324623
-1.464,-0.03212509
-1.463,-0.03178789
-1.462,-0.03148134
-1.461,-0.03114414
-1.46,-0.03080693
-1.459,-0.03050039
-1.458,-0.03019384
-1.457,-0.02985664
-1.456,-0.02955008
-1.455,-0.02924354
-1.454,-0.02890633
-1.453,-0.02859978
-1.452,-0.02829324
-1.451,-0.02798669
-1.45,-0.02768014
-1.449,-0.02737359
-1.448,-0.02706704
-1.447,-0.02676049
-1.446,-0.02645395
-1.445,-0.0261474
-1.444,-0.02584085
-1.443,-0.0255343
-1.442,-0.02522776
-1.441,-0.02492121
-1.44,-0.02464531
-1.439,-0.02433877
-1.438,-0.02403222
-1.437,-0.02372567
-1.436,-0.02344977
-1.435,-0.02314323
-1.434,-0.02286733
-1.433,-0.02259144
-1.432,-0.02228489
-1.431,-0.022009
-1.43,-0.0217331
-1.429,-0.02142656
-1.428,-0.02115066
-1.427,-0.02087477
-1.426,-0.02059888
-1.425,-0.02032298
-1.424,-0.02004709
-1.423,-0.0197712
-1.422,-0.0194953
-1.421,-0.01925006
-1.42,-0.01897417
-1.419,-0.01869828
-1.418,-0.01845304
-1.417,-0.01817714
-1.416,-0.01793191
-1.415,-0.01765601
-1.414,-0.01741077
-1.413,-0.01713488
-1.412,-0.01688964
-1.411,-0.0166444
-1.41,-0.01639917
-1.409,-0.01615393
-1.408,-0.01602623
-1.407,-0.01578712
-1.406,-0.01554495
-1.405,-0.01532423
-1.404,-0.01508819
-1.403,-0.01485828
-1.402,-0.01464063
-1.401,-0.01441072
-1.4,-0.01418694
-1.399,-0.01397235
-1.398,-0.01375164
-1.397,-0.01353705
-1.396,-0.01332554
-1.395,-0.01311402
-1.394,-0.01290557
-1.393,-0.01270324
-1.392,-0.01250092
-1.391,-0.01230473
-1.39,-0.01210547
-1.389,-0.01190315
-1.388,-0.01171616
-1.387,-0.01152303
-1.386,-0.01133604
-1.385,-0.01115211
-1.384,-0.01096818
-1.383,-0.01078425
-1.382,-0.01060645
-1.381,-0.01043785
-1.38,-0.01025392
-1.379,-0.01008839
-1.378,-0.00992285
-1.377,-0.009754249
-1.376,-0.009591779
-1.375,-0.009435439
-1.374,-0.009272968
-1.373,-0.009119694
-1.372,-0.008969485
-1.371,-0.008816211
-1.37,-0.008669068
-1.369,-0.00852499
-1.368,-0.008383978
-1.367,-0.008242966
-1.366,-0.008105019
-1.365,-0.007970138
-1.364,-0.007835257
-1.363,-0.007703441
-1.362,-0.007577756
-1.361,-0.007452071
-1.36,-0.007326386
-1.359,-0.007212963
-1.358,-0.007090344
-1.357,-0.006979987
-1.356,-0.006866564
-1.355,-0.006756207
-1.354,-0.006648915
-1.353,-0.006538557
-1.352,-0.006431265
-1.351,-0.00633317
-1.350001,-0.006228944
-1.349,-0.006133914
-1.348,-0.006038884
-1.347,-0.005943854
-1.346,-0.005854954
-1.345,-0.005759925
-1.344,-0.005680223
-1.343,-0.005594389
-1.342,-0.005508556
-1.341,-0.005428853
-1.34,-0.005346085
-1.339,-0.005266382
-1.338,-0.005195876
-1.337,-0.005119239
-1.336,-0.005045668
-1.335,-0.004978227
-1.334,-0.004907721
-1.333,-0.00484028
-1.332,-0.00477284
-1.331,-0.004705399
-1.33,-0.004644089
-1.329,-0.004582779
-1.328,-0.004524535
-1.327,-0.004466291
-1.326,-0.004411113
-1.325,-0.004358999
-1.324,-0.00430382
-1.323,-0.004251707
-1.322,-0.004199594
-1.321,-0.004150547
-1.32,-0.004098434
-1.319,-0.004052451
-1.318,-0.004006469
-1.317,-0.003960487
-1.316,-0.00391757
-1.315,-0.003874653
-1.314,-0.003828671
-1.313,-0.003791885
-1.312,-0.003748968
-1.311,-0.003709117
-1.31,-0.003672331
-1.309,-0.00363248
-1.308,-0.00359876
-1.307,-0.003558908
-1.306,-0.003528254
-1.305,-0.003497599
-1.304,-0.003463879
-1.303,-0.003433224
-1.302,-0.003399503
-1.301,-0.003365783
-1.3,-0.003338194
-1.299,-0.003310604
-1.298,-0.003283015
-1.297,-0.003255426
-1.296,-0.003224771
-1.295,-0.003200247
-1.294,-0.003172658
-1.293,-0.003151199
-1.292,-0.00312361
-1.291,-0.003099086
-1.29,-0.003077628
-1.289,-0.003050038
-1.288,-0.00302858
-1.287,-0.003007122
-1.286,-0.002982598
-1.285,-0.002964205
-1.284,-0.002942747
-1.283,-0.002921288
-1.282,-0.002905961
-1.281,-0.002881437
-1.28,-0.00286611
-1.279,-0.002844651
-1.278,-0.002823193
-1.277,-0.002810931
-1.276,-0.002792538
-1.275,-0.002774145
-1.274,-0.002758818
-1.273,-0.002740425
-1.272,-0.002722032
-1.271,-0.00270977
-1.27,-0.002691377
-1.269,-0.002676049
-1.268,-0.002660722
-1.267,-0.002645395
-1.266,-0.002630068
-1.265,-0.002617805
-1.264,-0.002599412
-1.263,-0.002590216
-1.262,-0.002571823
-1.261,-0.002559561
-1.26,-0.002547299
-1.259,-0.002535037
-1.258,-0.00251971
-1.257,-0.002507448
-1.256,-0.002495186
-1.255,-0.002482924
-1.254,-0.002470662
-1.253,-0.002461466
-1.252,-0.002446138
-1.251,-0.002433876
-1.25,-0.00242468
-1.249,-0.002412418
-1.248,-0.002403222
-1.247,-0.00239096
-1.246,-0.002378698
-1.245,-0.002369501
-1.244,-0.002357239
-1.243,-0.002348043
-1.242,-0.002335781
-1.241,-0.002326585
-1.24,-0.002317388
-1.239,-0.002308191
-1.238,-0.00229593
-1.237,-0.002289799
-1.236,-0.002277537
-1.235,-0.002265275
-1.234,-0.002259144
-1.233,-0.002249948
-1.232,-0.002237685
-1.231,-0.002231555
-1.23,-0.002222358
-1.229,-0.002213162
-1.228,-0.002203965
-1.227,-0.002194769
-1.226,-0.002188638
-1.225001,-0.002179441
-1.224,-0.002170245
-1.223,-0.002161048
-1.222,-0.002151852
-1.221,-0.002148786
-1.22,-0.002136525
-1.219,-0.002130394
-1.218,-0.002124263
-1.217,-0.002115066
-1.216,-0.002108935
-1.215,-0.002102804
-1.214,-0.002093608
-1.213,-0.002087477
-1.212,-0.00207828
-1.211,-0.002069084
-1.21,-0.002066019
-1.209,-0.002053756
-1.208,-0.002050691
-1.207,-0.002041495
-1.206,-0.002035364
-1.205,-0.002032298
-1.204,-0.002023102
-1.203,-0.002013905
-1.202,-0.00201084
-1.201,-0.002001643
-1.2,-0.001995512
-1.199,-0.001992447
-1.198,-0.00198325
-1.197,-0.00197712
-1.196,-0.001974054
-1.195,-0.001964858
-1.194,-0.001958727
-1.193,-0.001955661
-1.192,-0.001946465
-1.191,-0.001940334
-1.19,-0.001934203
-1.189,-0.001928072
-1.188,-0.001921941
-1.187,-0.001918875
-1.186,-0.001912744
-1.185,-0.001903548
-1.184,-0.001903548
-1.183,-0.001897417
-1.182,-0.00188822
-1.181,-0.00188822
-1.18,-0.001879024
-1.179,-0.001872893
-1.178,-0.001872893
-1.177,-0.001863697
-1.176,-0.001860631
-1.175,-0.001857566
-1.174,-0.001848369
-1.173,-0.001848369
-1.172,-0.001839173
-1.171,-0.001836107
-1.17,-0.001833042
-1.169,-0.001826911
-1.168,-0.001823845
-1.167,-0.001817714
-1.166,-0.001811583
-1.165,-0.001808518
-1.164,-0.001802387
-1.163,-0.001799321
-1.162,-0.00179319
-1.161,-0.00178706
-1.16,-0.00178706
-1.159,-0.001777863
-1.158,-0.001774798
-1.157,-0.001771732
-1.156,-0.001765601
-1.155,-0.001762536
-1.154,-0.00175947
-1.153,-0.001753339
-1.152,-0.001750274
-1.151,-0.001744143
-1.15,-0.001738012
-1.149,-0.001738012
-1.148,-0.001731881
-1.147,-0.00172575
-1.146,-0.001722684
-1.145,-0.001716554
-1.144,-0.001713488
-1.143,-0.001710422
-1.142,-0.001704292
-1.141,-0.001701226
-1.14,-0.001695095
-1.139,-0.00169203
-1.138,-0.001688964
-1.137,-0.001682833
-1.136,-0.001679768
-1.135,-0.001673637
-1.134,-0.001667506
-1.133,-0.001667506
-1.132,-0.001661375
-1.131,-0.001658309
-1.13,-0.001655244
-1.129,-0.001652178
-1.128,-0.001649113
-1.127,-0.001642982
-1.126,-0.001639916
-1.125,-0.001636851
-1.124,-0.001627655
-1.123,-0.001627655
-1.122,-0.001621523
-1.121,-0.001618458
-1.12,-0.001649831
-1.119,-0.001644007
-1.118,-0.001641248
-1.117,-0.00163665
-1.116,-0.001632664
-1.115,-0.001629906
-1.114,-0.001623775
-1.113,-0.001621322
-1.112,-0.001617644
-1.111,-0.001612739
-1.11,-0.001609367
-1.109,-0.001604462
-1.108,-0.001598638
-1.107,-0.001597105
-1.106,-0.001590974
-1.105,-0.001588522
-1.104,-0.001583617
-1.103,-0.001579019
-1.102,-0.001576873
-1.101,-0.001571048
-1.100001,-0.001569209
-1.099,-0.001565837
-1.098,-0.001560013
-1.097,-0.001558786
-1.096,-0.001555414
-1.095,-0.001550203
-1.094,-0.00154959
-1.093,-0.001544379
-1.092,-0.001539474
-1.091,-0.001537635
-1.09,-0.001531197
-1.089,-0.001529664
-1.088,-0.001525373
-1.087,-0.001521081
-1.086,-0.001520468
-1.085,-0.001514643
-1.084,-0.001512498
-1.083,-0.001509432
-1.082,-0.001504221
-1.081,-0.001502995
-1.08,-0.001499009
-1.079,-0.001494718
-1.078,-0.001493798
-1.077,-0.001487974
-1.076,-0.001484908
-1.075,-0.001481536
-1.074,-0.001477245
-1.073,-0.001475712
-1.072,-0.00147142
-1.071,-0.001467742
-1.07,-0.001466515
-1.069,-0.001460691
-1.068,-0.001459771
-1.067,-0.001456399
-1.066,-0.001451801
-1.065,-0.001451495
-1.064,-0.001447203
-1.063,-0.001442911
-1.062,-0.001441378
-1.061,-0.001435554
-1.06,-0.001434634
-1.059,-0.001430343
-1.058,-0.001426664
-1.057,-0.001425744
-1.056,-0.001420227
-1.055,-0.001417468
-1.054,-0.001415322
-1.053,-0.00141011
-1.052,-0.001408271
-1.051,-0.001405206
-1.05,-0.001401221
-1.049,-0.001399075
-1.048,-0.001396622
-1.047,-0.001391411
-1.046,-0.001389265
-1.045,-0.0013862
-1.044,-0.001381908
-1.043,-0.001379762
-1.042,-0.001375777
-1.041,-0.001373325
-1.04,-0.001368113
-1.039,-0.001366274
-1.038,-0.001364435
-1.037,-0.00135953
-1.036,-0.001357078
-1.035,-0.001354625
-1.034,-0.00134972
-1.033,-0.001347575
-1.032,-0.001345122
-1.031,-0.001340217
-1.03,-0.001338378
-1.029,-0.001334087
-1.028,-0.001331941
-1.027,-0.001328569
-1.026,-0.001324583
-1.025,-0.001323051
-1.024,-0.001318146
-1.023,-0.001314467
-1.022,-0.001314467
-1.021,-0.001308336
-1.02,-0.001309563
-1.019,-0.001306497
-1.018,-0.001300673
-1.017,-0.001301286
-1.016,-0.001296994
-1.015,-0.001292703
-1.014,-0.001291476
-1.013,-0.001286265
-1.012,-0.0012832
-1.011,-0.001282586
-1.01,-0.001277068
-1.009,-0.001276455
-1.008,-0.001272164
-1.007,-0.001269098
-1.006,-0.001269098
-1.005,-0.001263274
-1.004,-0.001261435
-1.003,-0.001259289
-1.002,-0.001254077
-1.001,-0.001252545
-1,-0.001249479
-0.9990004,-0.001245801
-0.9980004,-0.001243042
-0.9970005,-0.001239057
-0.9960005,-0.001236298
-0.9950004,-0.001234152
-0.9940004,-0.001229553
-0.9930004,-0.00122894
-0.9920005,-0.001224342
-0.9910004,-0.00122097
-0.9900004,-0.001220051
-0.9890004,-0.001215452
-0.9880005,-0.001213
-0.9870005,-0.001209934
-0.9860004,-0.001207482
-0.9850004,-0.00120411
-0.9840004,-0.001200125
-0.9830005,-0.001197673
-0.9820005,-0.0011943
-0.9810004,-0.001189702
-0.9800004,-0.001186637
-0.9790004,-0.001185411
-0.9780005,-0.001180506
-0.9770004,-0.00117836
-0.9760004,-0.001175294
-0.9750004,-0.001170696
-0.9740005,-0.00116855
-0.9730005,-0.001165485
-0.9720004,-0.00116058
-0.9710004,-0.001158128
-0.9700004,-0.001155675
-0.9690005,-0.001150771
-0.9680004,-0.001149238
-0.9670004,-0.001145559
-0.9660004,-0.001141268
-0.9650005,-0.001138815
-0.9640005,-0.001134524
-0.9630004,-0.001131765
-0.9620004,-0.001128699
-0.9610004,-0.001125327
-0.9600005,-0.001121955
-0.9590005,-0.001117663
-0.9580004,-0.001115518
-0.9570004,-0.001111226
-0.9560004,-0.001107547
-0.9550005,-0.001106321
-0.9540004,-0.001102029
-0.9530004,-0.001097431
-0.9520004,-0.001097125
-0.9510005,-0.0010913
-0.9500005,-0.001089768
-0.9490004,-0.001089154
-0.9480004,-0.001083023
-0.9470004,-0.00108241
-0.9460005,-0.001079038
-0.9450005,-0.001074134
-0.9440004,-0.001072601
-0.9430004,-0.001068616
-0.9420004,-0.001065244
-0.9410005,-0.001062485
-0.9400004,-0.0010585
-0.9390004,-0.001055741
-0.9380004,-0.001051142
-0.9370005,-0.001049303
-0.9360005,-0.001046238
-0.9350004,-0.001041026
-0.9340004,-0.001039187
-0.9330004,-0.001036122
-0.9320005,-0.001031217
-0.9310004,-0.001029377
-0.9300004,-0.001025699
-0.9290004,-0.001021407
-0.9280005,-0.001018648
-0.9270005,-0.001015276
-0.9260004,-0.001012211
-0.9250004,-0.001009145
-0.9240004,-0.00100516
-0.9230005,-0.001003014
-0.9220005,-0.0009981095
-0.9210004,-0.0009956572
-0.9200004,-0.0009935113
-0.9190004,-0.0009883
-0.9180005,-0.0009886065
-0.9170004,-0.0009840083
-0.9160004,-0.0009797165
-0.9150004,-0.0009778773
-0.9140005,-0.0009732791
-0.9130005,-0.0009711333
-0.9120004,-0.0009686808
-0.9110004,-0.0009634696
-0.9100004,-0.0009616303
-0.9090005,-0.0009582583
-0.9080005,-0.00095366
-0.9070004,-0.0009533535
-0.9060004,-0.0009478356
-0.9050004,-0.0009456897
-0.9040005,-0.0009438504
-0.9030004,-0.0009380261
-0.9020004,-0.0009371064
-0.9010004,-0.0009331212
-0.9000005,-0.0009291361
-0.8990005,-0.0009269903
-0.8980004,-0.0009230052
-0.8970004,-0.0009202462
-0.8960004,-0.0009177938
-0.8950005,-0.0009128891
-0.8940005,-0.0009116629
-0.8930004,-0.0009070646
-0.8920004,-0.0009049188
-0.8910004,-0.0009024665
-0.8900005,-0.0008975617
-0.8890004,-0.000896642
-0.8880004,-0.0008926569
-0.8870004,-0.0008886718
-0.8860005,-0.000887139
-0.8850005,-0.0008828474
-0.8840004,-0.0008800884
-0.8830004,-0.0008773295
-0.8820004,-0.0008733444
-0.8810005,-0.0008705854
-0.8800004,-0.0008675199
-0.8790004,-0.0008638413
-0.8780004,-0.0008620021
-0.8770005,-0.0008574039
-0.8760005,-0.0008555645
-0.8750004,-0.0008537253
-0.8740004,-0.0008488205
-0.8730004,-0.0008482074
-0.8720005,-0.0008448354
-0.8710005,-0.0008408502
-0.8700004,-0.0008390109
-0.8690004,-0.0008347193
-0.8680004,-0.0008316538
-0.8670005,-0.0008295079
-0.8660004,-0.0008252163
-0.8650004,-0.000823377
-0.8640004,-0.0008196984
-0.8630005,-0.0008169395
-0.8620005,-0.0008160198
-0.8610004,-0.0008108085
-0.8600004,-0.0008095824
-0.8590004,-0.00080713
-0.8580005,-0.0008028382
-0.8570005,-0.0008009989
-0.8560004,-0.0007985466
-0.8550004,-0.0007945614
-0.8540004,-0.0007924156
-0.8530005,-0.0007881239
-0.8520004,-0.0007862847
-0.8510004,-0.000782606
-0.8500004,-0.000779234
-0.8490005,-0.0007783144
-0.8480005,-0.0007731031
-0.8470004,-0.0007721835
-0.8460004,-0.000769731
-0.8450004,-0.0007651328
-0.8440005,-0.000762987
-0.8430004,-0.0007602281
-0.8420004,-0.0007562429
-0.8410004,-0.0007544036
-0.8400005,-0.0007510316
-0.8390005,-0.000747353
-0.8380004,-0.0007452072
-0.8370004,-0.0007412221
-0.8360004,-0.0007393828
-0.8350005,-0.0007360107
-0.8340005,-0.0007323321
-0.8330004,-0.0007307994
-0.8320004,-0.0007271208
-0.8310004,-0.0007231357
-0.8300005,-0.0007216029
-0.8290004,-0.0007179244
-0.8280004,-0.0007139393
-0.8270004,-0.0007121
-0.8260005,-0.0007087279
-0.8250005,-0.0007053559
-0.8240004,-0.0007032101
-0.8230004,-0.000699838
-0.8220004,-0.0006967725
-0.8210005,-0.0006943202
-0.8200005,-0.0006906416
-0.8190004,-0.0006878827
-0.8180004,-0.0006851237
-0.8170004,-0.0006820582
-0.8160005,-0.0006792994
-0.8150004,-0.0006768469
-0.8140004,-0.000674088
-0.8130004,-0.0006701029
-0.8120005,-0.0006685701
-0.8110005,-0.0006655046
-0.8100004,-0.0006618261
-0.8090004,-0.0006599867
-0.8080004,-0.0006572278
-0.8070005,-0.0006532427
-0.8060004,-0.0006520165
-0.8050004,-0.0006492576
-0.8040004,-0.0006464986
-0.8030005,-0.0006446594
-0.8020005,-0.0006419004
-0.8010004,-0.0006388349
-0.8000004,-0.0006492576
-0.8009996,-0.0006615195
-0.8019996,-0.0006731683
-0.8029996,-0.0006817517
-0.8039996,-0.0006894154
-0.8049996,-0.0006995315
-0.8059996,-0.0007050494
-0.8069996,-0.0007130196
-0.8079996,-0.0007203768
-0.8089996,-0.0007255881
-0.8099996,-0.0007326387
-0.8109996,-0.0007384631
-0.8119996,-0.000743981
-0.8129996,-0.000750112
-0.8139996,-0.0007550167
-0.8149996,-0.0007605346
-0.8159996,-0.000766359
-0.8169996,-0.0007700376
-0.8179996,-0.0007770882
-0.8189996,-0.0007813799
-0.8199996,-0.0007865912
-0.8209996,-0.0007930287
-0.8219996,-0.0007964008
-0.8229996,-0.0008025317
-0.8239996,-0.00080713
-0.8249996,-0.0008114216
-0.8259996,-0.0008169395
-0.8269996,-0.0008212312
-0.8279996,-0.0008261359
-0.8289996,-0.0008310407
-0.8299996,-0.0008350258
-0.8309996,-0.0008399306
-0.8319996,-0.0008436092
-0.8329996,-0.0008494336
-0.8339996,-0.0008543384
-0.8349996,-0.0008574039
-0.8359996,-0.0008635348
-0.8369996,-0.0008678265
-0.8379996,-0.0008702789
-0.8389996,-0.0008761032
-0.8399996,-0.0008800884
-0.8409996,-0.0008831539
-0.8419996,-0.0008886718
-0.8429996,-0.0008929634
-0.8439996,-0.0008954158
-0.8449996,-0.0009018534
-0.8459996,-0.0009052254
-0.8469996,-0.0009092105
-0.8479996,-0.0009138088
-0.8489996,-0.0009162611
-0.8499996,-0.0009214724
-0.8509996,-0.0009248445
-0.8519996,-0.0009297492
-0.8529996,-0.000934654
-0.8539996,-0.0009377195
-0.8549996,-0.0009429308
-0.8559996,-0.0009466094
-0.8569996,-0.0009499814
-0.8579996,-0.0009545796
-0.8589996,-0.0009576452
-0.8599996,-0.0009637761
-0.8609996,-0.0009668416
-0.8619996,-0.0009708267
-0.8629996,-0.0009772643
-0.8639996,-0.0009784905
-0.8649996,-0.0009837018
-0.8659996,-0.0009892196
-0.8669996,-0.0009910589
-0.8679996,-0.0009959637
-0.8689996,-0.001000869
-0.8699996,-0.001003014
-0.8709996,-0.001008532
-0.8719996,-0.001012824
-0.8729996,-0.001016196
-0.8739996,-0.001019568
-0.8749996,-0.001024779
-0.8759996,-0.001029071
-0.8769996,-0.001031217
-0.8779996,-0.001038881
-0.8789996,-0.001041639
-0.8799996,-0.001043479
-0.8809996,-0.001051142
-0.8819996,-0.001054208
-0.8829996,-0.00105758
-0.8839996,-0.001064937
-0.8849996,-0.001067083
-0.8859996,-0.001070455
-0.8869996,-0.001076279
-0.8879996,-0.001078732
-0.8889996,-0.001083943
-0.8899996,-0.001087928
-0.8909996,-0.001090381
-0.8919996,-0.001095592
-0.8929996,-0.001099577
-0.8939996,-0.001103562
-0.8949996,-0.001108467
-0.8959996,-0.001111532
-0.8969996,-0.001116131
-0.8979996,-0.001119503
-0.8989996,-0.001122568
-0.8999996,-0.001127779
-0.9009996,-0.001130232
-0.9019996,-0.001134217
-0.9029996,-0.001139428
-0.9039996,-0.001141881
-0.9049996,-0.001145559
-0.9059996,-0.001150464
-0.9069996,-0.00115261
-0.9079996,-0.001157208
-0.9089996,-0.001160887
-0.9099996,-0.001166405
-0.9109996,-0.001169777
-0.9119996,-0.001173149
-0.9129996,-0.001178666
-0.9139996,-0.001181425
-0.9149996,-0.001184491
-0.9159996,-0.001190315
-0.9169996,-0.001191848
-0.9179996,-0.001195527
-0.9189996,-0.001201045
-0.9199996,-0.001202884
-0.9209996,-0.001207175
-0.9219996,-0.00121208
-0.9229996,-0.001214226
-0.9239996,-0.001220051
-0.9249996,-0.001223423
-0.9259996,-0.001224036
-0.9269996,-0.00123078
-0.9279996,-0.001233232
-0.9289996,-0.001235378
-0.9299996,-0.001241815
-0.9309996,-0.001243961
-0.9319996,-0.001247027
-0.9329996,-0.001252238
-0.9339996,-0.001255304
-0.9349996,-0.00125745
-0.9359996,-0.001262661
-0.9369996,-0.001265113
-0.9379996,-0.001269098
-0.9389996,-0.001272777
-0.9399996,-0.001275842
-0.9409996,-0.001280134
-0.9419996,-0.001282893
-0.9429996,-0.001286571
-0.9439996,-0.001290557
-0.9449996,-0.001293316
-0.9459996,-0.001296381
-0.9469996,-0.001300979
-0.9479996,-0.001302819
-0.9489996,-0.001308336
-0.9499996,-0.001310789
-0.9509996,-0.001312628
-0.9519996,-0.001317533
-0.9529996,-0.001318759
-0.9539996,-0.00132489
-0.9549996,-0.001327956
-0.9559996,-0.001331021
-0.9569996,-0.001335313
-0.9579996,-0.001337152
-0.9589996,-0.001340524
-0.9599996,-0.001344509
-0.9609996,-0.001347575
-0.9619996,-0.001351866
-0.9629996,-0.001354319
-0.9639996,-0.001359223
-0.9649996,-0.001362289
-0.9659996,-0.001364128
-0.9669996,-0.001369646
-0.9679996,-0.001371485
-0.9689996,-0.001373938
-0.9699996,-0.001377923
-0.9709996,-0.001380988
-0.9719996,-0.001383747
-0.9729996,-0.001388039
-0.9739996,-0.001389878
-0.9749996,-0.001392637
-0.9759996,-0.001396622
-0.9769996,-0.001399688
-0.9779996,-0.001400914
-0.9789996,-0.001405819
-0.9799996,-0.001408271
-0.9809996,-0.001411643
-0.9819996,-0.001415628
-0.9829996,-0.001416548
-0.9839996,-0.001421146
-0.9849996,-0.001422985
-0.9859996,-0.001426051
-0.9869996,-0.001431569
-0.9879996,-0.001435554
-0.9889996,-0.001436474
-0.9899996,-0.001438926
-0.9909996,-0.001442298
-0.9919996,-0.001445364
-0.9929996,-0.001447816
-0.9939996,-0.001452721
-0.9949996,-0.001455173
-0.9959996,-0.001457319
-0.9969996,-0.001461611
-0.9979996,-0.001463756
-0.9989996,-0.001464676
-0.9999996,-0.0014705
-1.001,-0.001471727
-1.002,-0.001473566
-1.003,-0.001478777
-1.004,-0.00148123
-1.005,-0.001482762
-1.006,-0.001486748
-1.007,-0.0014892
-1.008,-0.001493798
-1.009,-0.001495024
-1.01,-0.00149717
-1.011,-0.001500236
-1.012,-0.001501462
-1.013,-0.001504834
-1.014,-0.001510045
-1.015,-0.001511271
-1.016,-0.001516483
-1.017,-0.001518322
-1.018,-0.001520468
-1.019,-0.001525066
-1.02,-0.001526599
-1.021,-0.00153181
-1.022,-0.001533036
-1.023,-0.001535182
-1.024,-0.001539167
-1.025,-0.001540393
-1.026,-0.001544685
-1.027,-0.001546524
-1.028,-0.00154867
-1.029,-0.001552349
-1.03,-0.001552962
-1.031,-0.001559706
-1.032,-0.001560319
-1.033,-0.001560932
-1.034,-0.001567063
-1.035,-0.001569209
-1.036,-0.001571968
-1.037,-0.001577486
-1.038,-0.001578405
-1.039,-0.001580858
-1.04,-0.001584843
-1.041,-0.001586376
-1.042,-0.001591281
-1.043,-0.001592507
-1.044,-0.001595879
-1.045,-0.001599557
-1.046,-0.001599251
-1.047,-0.001605075
-1.048,-0.001606914
-1.049,-0.001609367
-1.05,-0.001613965
-1.051,-0.001615498
-1.052,-0.001618257
-1.053,-0.001621322
-1.054,-0.001622855
-1.055,-0.001627453
-1.056,-0.00162776
-1.057,-0.001631132
-1.058,-0.001636036
-1.059,-0.001636036
-1.06,-0.001641554
-1.061,-0.0016437
-1.062,-0.00164462
-1.063,-0.001649525
-1.064,-0.001650138
-1.065,-0.001653203
-1.066,-0.001656882
-1.067,-0.001658415
-1.068,-0.001663319
-1.069,-0.001663319
-1.07,-0.001668224
-1.071,-0.001672516
-1.072,-0.001672822
-1.073,-0.001678034
-1.074,-0.001680486
-1.075,-0.001682019
-1.076,-0.001686004
-1.077,-0.001687843
-1.078,-0.001690296
-1.079,-0.001693974
-1.08,-0.0016952
-1.081,-0.001699799
-1.082,-0.001701331
-1.083,-0.001703784
-1.084,-0.001708382
-1.085,-0.001709915
-1.086,-0.001714206
-1.087,-0.001716659
-1.088,-0.001717885
-1.089,-0.001722483
-1.09,-0.001723403
-1.091,-0.001726162
-1.092,-0.00173076
-1.093,-0.001731986
-1.094,-0.001735971
-1.095,-0.001739037
-1.096,-0.001739956
-1.097,-0.001744861
-1.098,-0.001747927
-1.099,-0.001749766
-1.1,-0.001755897
-1.101,-0.00175651
-1.102,-0.001758349
-1.103,-0.001763561
-1.104,-0.001762948
-1.105,-0.001771224
-1.106,-0.001773064
-1.107,-0.001775209
-1.108,-0.001779808
-1.109,-0.001780114
-1.11,-0.001784099
-1.111,-0.001789617
-1.112,-0.001790537
-1.113,-0.001795135
-1.114,-0.001799427
-1.115,-0.00180096
-1.116,-0.001806784
-1.117,-0.001809236
-1.118,-0.001811075
-1.119,-0.001814448
-1.12,-0.001819352
-1.121,-0.001821805
-1.122,-0.001824257
-1.123,-0.001828855
-1.124,-0.001833147
-1.125,-0.00183468
-1.126,-0.001841424
-1.127,-0.00184357
-1.128,-0.001845409
-1.129,-0.001852153
-1.13,-0.001853073
-1.131,-0.001855832
-1.132,-0.00186135
-1.133,-0.001863495
-1.134,-0.001866867
-1.135,-0.001872998
-1.136,-0.001874225
-1.137,-0.001876983
-1.138,-0.001882501
-1.139,-0.001883727
-1.14,-0.001887713
-1.141,-0.001890165
-1.142,-0.001896603
-1.143,-0.001896909
-1.144,-0.00190212
-1.145,-0.001908251
-1.146,-0.001907025
-1.147,-0.001915609
-1.148,-0.001918367
-1.149,-0.001919594
-1.15,-0.001925112
-1.151,-0.001927257
-1.152,-0.00192879
-1.153,-0.001934001
-1.154,-0.001935228
-1.155,-0.001939213
-1.156,-0.001941359
-1.157,-0.00194565
-1.158,-0.001950555
-1.159,-0.001951475
-1.16,-0.001956073
-1.161,-0.001959751
-1.162,-0.001960365
-1.163,-0.001964043
-1.164,-0.001968028
-1.165,-0.001968948
-1.166,-0.001973853
-1.167,-0.001976612
-1.168,-0.001978758
-1.169,-0.001981823
-1.17,-0.001984275
-1.171,-0.001986421
-1.172,-0.001989793
-1.173,-0.001990713
-1.174,-0.001994391
-1.175,-0.001996844
-1.176,-0.001995924
-1.177,-0.002003894
-1.178,-0.002003281
-1.179,-0.00200788
-1.18,-0.002011864
-1.181,-0.002011864
-1.182,-0.002017076
-1.183,-0.002018609
-1.184,-0.002019835
-1.185,-0.00202474
-1.186,-0.002025353
-1.187,-0.002028725
-1.188,-0.002032403
-1.189,-0.002034549
-1.19,-0.00203976
-1.191,-0.002040987
-1.192,-0.002044665
-1.193,-0.002050183
-1.194,-0.002052022
-1.195,-0.002057847
-1.196,-0.002061832
-1.197,-0.002065204
-1.198,-0.002072561
-1.199,-0.002075627
-1.2,-0.002078386
-1.201,-0.002085129
-1.202,-0.002086969
-1.203,-0.002095246
-1.204,-0.002098005
-1.205,-0.002104136
-1.206,-0.002112719
-1.207,-0.002113638
-1.208,-0.002121915
-1.209,-0.002127433
-1.21,-0.002131112
-1.211,-0.002138469
-1.212,-0.00214368
-1.213,-0.002150424
-1.214,-0.002156555
-1.215,-0.002161154
-1.216,-0.00217035
-1.217,-0.002175255
-1.218,-0.002181692
-1.219,-0.002190889
-1.22,-0.002195181
-1.221,-0.002206216
-1.222,-0.00221296
-1.223,-0.002219091
-1.224,-0.002228594
-1.225,-0.002234112
-1.226,-0.002241469
-1.227,-0.002250972
-1.228,-0.002255571
-1.229,-0.0022663
-1.23,-0.002274577
-1.231,-0.002281321
-1.232,-0.002293583
-1.233,-0.0022991
-1.234,-0.00230891
-1.235,-0.002319946
-1.236,-0.00232577
-1.237,-0.002339258
-1.238,-0.002347842
-1.239,-0.002358264
-1.24,-0.002368687
-1.241,-0.002375737
-1.242,-0.002387693
-1.243,-0.002399342
-1.244,-0.002407006
-1.245,-0.002422026
-1.246,-0.00243061
-1.247,-0.002441952
-1.248,-0.002457279
-1.249,-0.002465556
-1.25,-0.002478738
-1.251,-0.002492532
-1.252,-0.002501729
-1.253,-0.002516137
-1.254,-0.002529931
-1.255,-0.00254066
-1.256,-0.002554455
-1.257,-0.00256733
-1.258,-0.00258419
-1.259,-0.002596759
-1.26,-0.00260994
-1.261,-0.002626187
-1.262,-0.002639676
-1.263,-0.002653777
-1.264,-0.002670943
-1.265,-0.002685351
-1.266,-0.002700679
-1.267,-0.002717845
-1.268,-0.002733479
-1.269,-0.002749726
-1.27,-0.002767506
-1.271,-0.00278406
-1.272,-0.002800613
-1.273,-0.002822072
-1.274,-0.002834947
-1.275,-0.002857018
-1.276,-0.002874491
-1.277,-0.002891965
-1.278,-0.002915262
-1.279,-0.002932429
-1.28,-0.002950209
-1.281,-0.002971667
-1.282,-0.002989754
-1.283,-0.003013358
-1.284,-0.002997925
-1.285,-0.003019383
-1.286,-0.003043907
-1.287,-0.003059235
-1.288,-0.003086824
-1.289,-0.003111348
-1.29,-0.003129741
-1.291,-0.00315733
-1.292,-0.003178789
-1.293,-0.003203312
-1.294,-0.003230902
-1.295,-0.00325236
-1.296,-0.00327995
-1.297,-0.003307539
-1.298,-0.003328997
-1.299,-0.003359652
-1.3,-0.003384176
-1.301,-0.003411765
-1.302,-0.003445486
-1.303,-0.003470009
-1.304,-0.003500664
-1.305,-0.003531319
-1.306,-0.003558908
-1.307,-0.003592629
-1.308,-0.003626349
-1.309,-0.003657004
-1.31,-0.00369379
-1.311,-0.003721379
-1.312,-0.003758165
-1.313,-0.003794951
-1.314,-0.003828671
-1.315,-0.003865457
-1.316,-0.003902242
-1.317,-0.003939028
-1.318,-0.003985011
-1.319,-0.004018731
-1.32,-0.004064713
-1.321,-0.00410763
-1.322,-0.004147481
-1.323,-0.004193463
-1.324,-0.004239446
-1.325,-0.004282362
-1.326,-0.004334475
-1.327,-0.004380458
-1.328,-0.00442644
-1.329,-0.004481619
-1.33,-0.004527601
-1.331,-0.004585845
-1.332,-0.004641024
-1.333,-0.004693137
-1.334,-0.004757512
-1.335,-0.004812691
-1.336,-0.004877066
-1.337,-0.004944507
-1.338,-0.005002751
-1.339,-0.005073257
-1.34,-0.005140697
-1.341,-0.005208138
-1.342,-0.005284776
-1.343,-0.005355281
-1.344,-0.005428853
-1.345,-0.005508556
-1.346,-0.005585192
-1.347,-0.005674092
-1.348,-0.00575686
-1.349,-0.005839627
-1.35,-0.005937723
-1.351,-0.006023556
-1.352,-0.006118587
-1.353,-0.006219747
-1.354,-0.006314777
-1.355,-0.006425134
-1.356,-0.006526296
-1.357,-0.006630522
-1.358,-0.00674701
-1.359,-0.006857368
-1.36,-0.006973856
-1.361,-0.007096475
-1.362,-0.007212963
-1.363,-0.007344779
-1.364,-0.007473529
-1.365,-0.007599215
-1.366,-0.007746358
-1.367,-0.007878173
-1.368,-0.008022251
-1.369,-0.008178591
-1.37,-0.008319603
-1.371,-0.008479008
-1.372,-0.008638413
-1.373,-0.008794753
-1.374,-0.008963354
-1.375,-0.00912889
-1.376,-0.009297492
-1.377,-0.009478356
-1.378,-0.009653088
-1.379,-0.009840082
-1.38,-0.01002708
-1.381,-0.01021407
-1.382,-0.01041639
-1.383,-0.01060952
-1.384,-0.01081184
-1.385,-0.01102642
-1.386,-0.01122875
-1.387,-0.0114464
-1.388,-0.01166711
-1.389,-0.01187863
-1.39,-0.01211161
-1.391,-0.01233845
-1.392,-0.0125653
-1.393,-0.01280747
-1.394,-0.01304351
-1.395,-0.01328875
-1.396,-0.01353705
-1.397,-0.01378229
-1.398,-0.01404286
-1.399,-0.01429729
-1.4,-0.01456093
-1.401,-0.01483375
-1.402,-0.01509739
-1.403,-0.01537021
-1.404,-0.01564917
-1.405,-0.01592507
-1.406,-0.01621322
-1.407,-0.01649218
-1.408,-0.01678034
-1.409,-0.01707462
-1.41,-0.01736278
-1.411,-0.01766013
-1.412,-0.01796974
-1.413,-0.01826403
-1.414,-0.01857671
-1.415,-0.01889245
-1.416,-0.0191898
-1.417,-0.01951475
-1.418,-0.01982436
-1.419,-0.0201401
-1.42,-0.02047117
-1.421,-0.02078998
-1.422,-0.02112412
-1.423,-0.02145519
-1.424,-0.02177707
-1.425,-0.02211734
-1.426,-0.02245454
-1.427,-0.02278868
-1.428,-0.02313814
-1.429,-0.02347228
-1.43,-0.02381562
-1.431,-0.02416508
-1.432,-0.02450535
-1.433,-0.02485788
-1.434,-0.02521041
-1.435,-0.02555988
-1.436,-0.02592467
-1.437,-0.02627107
-1.438,-0.02662973
-1.439,-0.02700372
-1.44,-0.02735318
-1.441,-0.02771798
-1.442,-0.02808584
-1.443,-0.02844143
-1.444,-0.02881235
-1.445,-0.02918328
-1.446,-0.02955113
-1.447,-0.02991899
-1.448,-0.03028992
-1.449,-0.03080693
-1.45,-0.03114414
-1.451,-0.03154265
-1.452,-0.03191051
-1.453,-0.03227837
-1.454,-0.03267688
-1.455,-0.03307539
-1.456,-0.03344325
-1.457,-0.03384176
-1.458,-0.03420962
-1.459,-0.03460813
-1.46,-0.03500664
-1.461,-0.0353745
-1.462,-0.03577302
-1.463,-0.03617153
-1.464,-0.03653939
-1.465,-0.0369379
-1.466,-0.03733641
-1.467,-0.03770427
-1.468,-0.03813344
-1.469,-0.03850129
-1.47,-0.03893046
-1.471,-0.03932897
-1.472,-0.03969683
-1.473,-0.040126
-1.474,-0.04052451
-1.475,-0.04092303
-1.476,-0.04132154
-1.477,-0.04172005
-1.478,-0.04211856
-1.479,-0.04251708
-1.48,-0.04291559
-1.481,-0.0433141
-1.482,-0.04374327
-1.483,-0.04414178
-1.484,-0.0445403
-1.485,-0.04493881
-1.486,-0.04533732
-1.487,-0.04573583
-1.488,-0.04613435
-1.489,-0.04656351
-1.49,-0.04696203
-1.491,-0.04736054
-1.492,-0.04775905
-1.493,-0.04818822
-1.494,-0.04858673
-1.495,-0.0490159
-1.496,-0.04944507
-1.497,-0.04984358
-1.498,-0.05024209
-1.499,-0.05067126
-1.5,-0.05082453
-1.499001,-0.05048734
-1.498001,-0.05015013
-1.497001,-0.04981292
-1.496001,-0.04947572
-1.495001,-0.04910786
-1.494001,-0.04877066
-1.493001,-0.0484028
-1.492001,-0.0480656
-1.491001,-0.04769774
-1.490001,-0.04732988
-1.489001,-0.04699268
-1.488001,-0.04662482
-1.487001,-0.04625697
-1.486001,-0.04591976
-1.485001,-0.04552125
-1.484001,-0.04515339
-1.483001,-0.04481619
-1.482001,-0.04441768
-1.481001,-0.04408047
-1.480001,-0.04371261
-1.479001,-0.04334476
-1.478001,-0.0429769
-1.477001,-0.04260904
-1.476001,-0.04224118
-1.475001,-0.04190398
-1.474001,-0.04150547
-1.473001,-0.04116827
-1.472001,-0.0408004
-1.471001,-0.04043255
-1.470001,-0.04006469
-1.469001,-0.03969683
-1.468001,-0.03932897
-1.467001,-0.03896112
-1.466001,-0.03859326
-1.465001,-0.0382254
-1.464001,-0.0378882
-1.463001,-0.03752034
-1.462001,-0.03715248
-1.461001,-0.03681528
-1.460001,-0.03644742
-1.459001,-0.03611022
-1.458001,-0.03574236
-1.457001,-0.0353745
-1.456001,-0.0350373
-1.455001,-0.03466944
-1.454001,-0.03433224
-1.453001,-0.03396438
-1.452001,-0.03359652
-1.451001,-0.03325932
-1.450001,-0.03292212
-1.449001,-0.03255426
-1.448001,-0.03221706
-1.447001,-0.0318492
-1.446001,-0.03154265
-1.445001,-0.03117479
-1.444001,-0.03083759
-1.443001,-0.03050039
-1.442001,-0.03016318
-1.441001,-0.02982598
-1.440001,-0.02948878
-1.439001,-0.02915157
-1.438001,-0.02881437
-1.437001,-0.02847717
-1.436001,-0.02817062
-1.435001,-0.02783342
-1.434001,-0.02749621
-1.433001,-0.02718966
-1.432001,-0.02685246
-1.431001,-0.02651526
-1.430001,-0.02620871
-1.429001,-0.02587151
-1.428001,-0.02556496
-1.427001,-0.02525841
-1.426001,-0.02495186
-1.425001,-0.02461466
-1.424001,-0.02430811
-1.423001,-0.02400156
-1.422001,-0.02369501
-1.421001,-0.02338847
-1.420001,-0.02308192
-1.419001,-0.02277537
-1.418001,-0.02249948
-1.417001,-0.02219293
-1.416001,-0.02188638
-1.415001,-0.02157983
-1.414001,-0.02130394
-1.413001,-0.02099739
-1.412001,-0.0207215
-1.411001,-0.02041495
-1.410001,-0.02013905
-1.409001,-0.01986316
-1.408001,-0.01958727
-1.407001,-0.01931137
-1.406001,-0.01903548
-1.405001,-0.01875959
-1.404001,-0.01848369
-1.403001,-0.01823845
-1.402001,-0.01796256
-1.401001,-0.01768667
-1.400001,-0.01744143
-1.399001,-0.01716554
-1.398001,-0.0169203
-1.397001,-0.0166444
-1.396001,-0.01639917
-1.395001,-0.01615393
-1.394001,-0.01599251
-1.393001,-0.0157534
-1.392001,-0.01551736
-1.391001,-0.01527518
-1.390001,-0.01504527
-1.389001,-0.01480923
-1.388001,-0.01457625
-1.387001,-0.01435247
-1.386001,-0.01412563
-1.385001,-0.01389878
-1.384001,-0.0136842
-1.383001,-0.01346348
-1.382001,-0.01324277
-1.381001,-0.01302818
-1.380001,-0.0128228
-1.379001,-0.01261434
-1.378001,-0.01240589
-1.377001,-0.01220664
-1.376001,-0.01200738
-1.375001,-0.01180812
-1.374001,-0.01161806
-1.373001,-0.011428
-1.372001,-0.01123794
-1.371001,-0.01105401
-1.370001,-0.01087008
-1.369001,-0.01068922
-1.368001,-0.01051449
-1.367001,-0.01033976
-1.366001,-0.01016809
-1.365001,-0.009999488
-1.364001,-0.009830886
-1.363001,-0.009665349
-1.362001,-0.009505944
-1.361001,-0.00934654
-1.360001,-0.009196331
-1.359001,-0.009039992
-1.358001,-0.008886717
-1.357001,-0.008742639
-1.356001,-0.008595496
-1.355001,-0.008454484
-1.354001,-0.008316537
-1.353001,-0.008178591
-1.352001,-0.008043709
-1.351001,-0.007914959
-1.350001,-0.007783143
-1.349001,-0.007654393
-1.348001,-0.007531774
-1.347001,-0.007409154
-1.346001,-0.007289601
-1.345001,-0.007173113
-1.344001,-0.007056624
-1.343001,-0.006946267
-1.342001,-0.00683591
-1.341001,-0.006725552
-1.340001,-0.00661826
-1.339001,-0.006517099
-1.338001,-0.006412873
-1.337001,-0.006317842
-1.336001,-0.006219747
-1.335001,-0.006124718
-1.334001,-0.006032753
-1.333001,-0.005940788
-1.332001,-0.005854954
-1.331001,-0.005766056
-1.330001,-0.005683288
-1.329001,-0.005600519
-1.328001,-0.005517752
-1.327001,-0.00544418
-1.326001,-0.005364478
-1.325001,-0.005287841
-1.324001,-0.005214269
-1.323001,-0.005140697
-1.322001,-0.005070191
-1.321001,-0.005005816
-1.320001,-0.00493531
-1.319001,-0.004874
-1.318001,-0.004809625
-1.317001,-0.004742185
-1.316001,-0.004687006
-1.315001,-0.004622631
-1.314001,-0.004567452
-1.313001,-0.004515339
-1.312001,-0.004457095
-1.311001,-0.004404982
-1.310001,-0.004352869
-1.309001,-0.004300755
-1.308001,-0.004251707
-1.307001,-0.00420266
-1.306001,-0.004156678
-1.305001,-0.004110695
-1.304001,-0.004061648
-1.303001,-0.004021796
-1.302001,-0.00397888
-1.301001,-0.003935963
-1.300001,-0.003896111
-1.299001,-0.003853195
-1.298001,-0.003813344
-1.297001,-0.003776558
-1.296001,-0.003736707
-1.295001,-0.003702986
-1.294001,-0.0036662
-1.293001,-0.003629415
-1.292001,-0.003595694
-1.291001,-0.003561974
-1.290001,-0.003528254
-1.289001,-0.003497599
-1.288001,-0.003466944
-1.287001,-0.003436289
-1.286001,-0.0034087
-1.285001,-0.003378045
-1.284001,-0.003350456
-1.283001,-0.003322866
-1.282001,-0.003295277
-1.281001,-0.003267688
-1.280001,-0.003240098
-1.279001,-0.003215575
-1.278001,-0.003187985
-1.277001,-0.003166527
-1.276001,-0.003138937
-1.275001,-0.003114413
-1.274001,-0.003096021
-1.273001,-0.003071497
-1.272001,-0.003046973
-1.271001,-0.00302858
-1.270001,-0.003007122
-1.269001,-0.002985663
-1.268001,-0.002970336
-1.267001,-0.002945812
-1.266001,-0.002927419
-1.265001,-0.002909026
-1.264001,-0.002887568
-1.263001,-0.00287224
-1.262001,-0.002850782
-1.261001,-0.002832389
-1.260001,-0.002817062
-1.259001,-0.002798669
-1.258001,-0.002786407
-1.257001,-0.002764949
-1.256001,-0.002749621
-1.255001,-0.002737359
-1.254001,-0.002715901
-1.253001,-0.002706704
-1.252001,-0.002688312
-1.251001,-0.002669919
-1.250001,-0.002660722
-1.249001,-0.002645395
-1.248001,-0.002627002
-1.247001,-0.002617805
-1.246001,-0.002599412
-1.245001,-0.002587151
-1.244001,-0.002571823
-1.243001,-0.002556496
-1.242001,-0.002550365
-1.241001,-0.002531972
-1.240001,-0.00251971
-1.239001,-0.002510513
-1.238001,-0.00249212
-1.237001,-0.002482924
-1.236001,-0.002470662
-1.235001,-0.002455335
-1.234001,-0.002446138
-1.233001,-0.002433876
-1.232001,-0.002421614
-1.231001,-0.002409352
-1.230001,-0.002397091
-1.229001,-0.002384829
-1.228001,-0.002375632
-1.227001,-0.002360305
-1.226001,-0.002351108
-1.225001,-0.002341912
-1.224001,-0.00232965
-1.223001,-0.002323519
-1.222001,-0.002308191
-1.221001,-0.002302061
-1.220001,-0.002289799
-1.219001,-0.002280602
-1.218001,-0.002274471
-1.217001,-0.002262209
-1.216001,-0.002253013
-1.215001,-0.002243817
-1.214001,-0.002231555
-1.213001,-0.002228489
-1.212001,-0.002216227
-1.211001,-0.002207031
-1.210001,-0.0022009
-1.209001,-0.002188638
-1.208001,-0.002182507
-1.207001,-0.00217331
-1.206001,-0.002164114
-1.205001,-0.002157983
-1.204001,-0.002148786
-1.203001,-0.00213959
-1.202001,-0.002133459
-1.201001,-0.002121197
-1.200001,-0.002118132
-1.199001,-0.002108935
-1.198001,-0.002099739
-1.197001,-0.002093608
-1.196001,-0.002084411
-1.195001,-0.00207828
-1.194001,-0.002072149
-1.193001,-0.002059887
-1.192001,-0.002056822
-1.191001,-0.002050691
-1.190001,-0.002041495
-1.189001,-0.002035364
-1.188001,-0.002026167
-1.187001,-0.002020036
-1.186001,-0.002013905
-1.185001,-0.002004709
-1.184001,-0.002001643
-1.183001,-0.001992447
-1.182001,-0.001986316
-1.181001,-0.001980185
-1.180001,-0.001974054
-1.179001,-0.001967923
-1.178001,-0.001961792
-1.177001,-0.001952596
-1.176001,-0.00194953
-1.175001,-0.001940334
-1.174001,-0.001937268
-1.173001,-0.001928072
-1.172001,-0.001921941
-1.171001,-0.001921941
-1.170001,-0.001909679
-1.169001,-0.001906613
-1.168001,-0.001900482
-1.167001,-0.001894351
-1.166001,-0.001891286
-1.165001,-0.00188209
-1.164001,-0.001875959
-1.163001,-0.001872893
-1.162001,-0.001866762
-1.161001,-0.001860631
-1.160001,-0.0018545
-1.159001,-0.001848369
-1.158001,-0.001845304
-1.157001,-0.001836107
-1.156001,-0.001833042
-1.155001,-0.001829976
-1.154001,-0.00182078
-1.153001,-0.001817714
-1.152001,-0.001814649
-1.151001,-0.001805453
-1.150001,-0.001799321
-1.149001,-0.001796256
-1.148001,-0.001790125
-1.147001,-0.00178706
-1.146001,-0.001780929
-1.145001,-0.001771732
-1.144001,-0.001768667
-1.143001,-0.001762536
-1.142001,-0.001756405
-1.141001,-0.001753339
-1.140001,-0.001750274
-1.139001,-0.001741077
-1.138001,-0.001738012
-1.137001,-0.001734946
-1.136001,-0.00172575
-1.135001,-0.001722684
-1.134001,-0.001716554
-1.133001,-0.001713488
-1.132001,-0.001707357
-1.131001,-0.001701226
-1.130001,-0.001698161
-1.129001,-0.00169203
-1.128001,-0.001685899
-1.127001,-0.001682833
-1.126001,-0.001676702
-1.125001,-0.001673637
-1.124001,-0.001670571
-1.123001,-0.001661375
-1.122001,-0.001661375
-1.121001,-0.001652178
-1.120001,-0.001649113
-1.119001,-0.001646047
-1.118001,-0.001636851
-1.117001,-0.001636851
-1.116001,-0.001627655
-1.115001,-0.001627655
-1.114001,-0.001624589
-1.113001,-0.001618458
-1.112001,-0.001615393
-1.111001,-0.001645846
-1.110001,-0.001638795
-1.109001,-0.001635423
-1.108001,-0.001631438
-1.107001,-0.001625921
-1.106001,-0.001623468
-1.105001,-0.00161887
-1.104001,-0.001613045
-1.103001,-0.001611206
-1.102001,-0.001605382
-1.101001,-0.001599864
-1.100001,-0.001597718
-1.099001,-0.001592507
-1.098001,-0.001586989
-1.097001,-0.001585456
-1.096001,-0.001579325
-1.095001,-0.001575953
-1.094001,-0.001570435
-1.093001,-0.001570742
-1.092001,-0.001564611
-1.091001,-0.001559706
-1.090001,-0.001560319
-1.089001,-0.001554495
-1.088001,-0.001550816
-1.087001,-0.001549896
-1.086001,-0.001543152
-1.085001,-0.0015407
-1.084001,-0.001537328
-1.083001,-0.001531504
-1.082001,-0.00153181
-1.081001,-0.001525679
-1.080001,-0.001523227
-1.079001,-0.001523533
-1.078001,-0.001515563
-1.077001,-0.001515256
-1.076001,-0.001511885
-1.075001,-0.001506673
-1.074001,-0.001504834
-1.073001,-0.001500849
-1.072001,-0.001497477
-1.071001,-0.001495024
-1.070001,-0.001489813
-1.069001,-0.00148828
-1.068001,-0.001483376
-1.067001,-0.001479697
-1.066001,-0.001478777
-1.065001,-0.001473259
-1.064001,-0.001472033
-1.063001,-0.001469274
-1.062001,-0.001465596
-1.061001,-0.001463143
-1.060001,-0.001459158
-1.059001,-0.00145456
-1.058001,-0.001453334
-1.057001,-0.001447816
-1.056001,-0.001445977
-1.055001,-0.001442298
-1.054001,-0.0014377
-1.053001,-0.00143678
-1.052001,-0.001431262
-1.051001,-0.001430956
-1.050001,-0.001427584
-1.049001,-0.001422372
-1.048001,-0.001420533
-1.047001,-0.001416241
-1.046001,-0.00141195
-1.045001,-0.00141103
-1.044001,-0.001406125
-1.043001,-0.001403366
-1.042001,-0.001400301
-1.041001,-0.001395703
-1.040001,-0.00139325
-1.039001,-0.001391411
-1.038001,-0.0013862
-1.037001,-0.001383441
-1.036001,-0.001380682
-1.035001,-0.001376084
-1.034001,-0.001374857
-1.033001,-0.001371179
-1.032001,-0.001366887
-1.031001,-0.001364741
-1.030001,-0.00136045
-1.029001,-0.001357384
-1.028001,-0.001355238
-1.027001,-0.001350027
-1.026001,-0.001348188
-1.025001,-0.001344203
-1.024001,-0.00134083
-1.023001,-0.001338072
-1.022001,-0.001334087
-1.021001,-0.001331327
-1.020001,-0.001328262
-1.019001,-0.001324277
-1.018001,-0.001321211
-1.017001,-0.001317839
-1.016001,-0.001313548
-1.015001,-0.001311708
-1.014001,-0.001307723
-1.013001,-0.001304045
-1.012001,-0.001302512
-1.011001,-0.00129822
-1.010001,-0.001294542
-1.009001,-0.001292089
-1.008001,-0.001287185
-1.007001,-0.001284426
-1.006001,-0.001282586
-1.005001,-0.001277988
-1.004001,-0.00127431
-1.003001,-0.00127247
-1.002001,-0.001268792
-1.001001,-0.001266646
-1.000001,-0.001262354
-0.9990007,-0.001258369
-0.9980007,-0.001256836
-0.9970006,-0.001251625
-0.9960006,-0.001249173
-0.9950007,-0.00124672
-0.9940007,-0.001241202
-0.9930006,-0.001239363
-0.9920006,-0.001235378
-0.9910007,-0.001233845
-0.9900007,-0.001231699
-0.9890007,-0.001227714
-0.9880006,-0.001225262
-0.9870006,-0.00122189
-0.9860007,-0.001218211
-0.9850007,-0.001215759
-0.9840007,-0.001211467
-0.9830006,-0.001208708
-0.9820006,-0.001205643
-0.9810007,-0.001201658
-0.9800007,-0.001199512
-0.9790006,-0.00119522
-0.9780006,-0.001192155
-0.9770007,-0.001189702
-0.9760007,-0.001186024
-0.9750007,-0.001182038
-0.9740006,-0.001178973
-0.9730006,-0.001175294
-0.9720007,-0.001172229
-0.9710007,-0.001170083
-0.9700007,-0.001166098
-0.9690006,-0.001162726
-0.9680007,-0.001159661
-0.9670007,-0.001156902
-0.9660007,-0.001151997
-0.9650006,-0.001150464
-0.9640006,-0.001146172
-0.9630007,-0.001141268
-0.9620007,-0.001139428
-0.9610007,-0.001136056
-0.9600006,-0.001131458
-0.9590006,-0.001129312
-0.9580007,-0.001126247
-0.9570007,-0.001121342
-0.9560006,-0.001118277
-0.9550006,-0.001115518
-0.9540007,-0.001111226
-0.9530007,-0.001108467
-0.9520007,-0.001105708
-0.9510006,-0.00110019
-0.9500006,-0.001099271
-0.9490007,-0.001095285
-0.9480007,-0.0010913
-0.9470007,-0.001088541
-0.9460006,-0.001083637
-0.9450006,-0.001079958
-0.9440007,-0.001077506
-0.9430007,-0.001074134
-0.9420006,-0.001071988
-0.9410006,-0.001068309
-0.9400007,-0.001064631
-0.9390007,-0.001061258
-0.9380007,-0.001058806
-0.9370006,-0.001054514
-0.9360006,-0.001050836
-0.9350007,-0.00104869
-0.9340007,-0.001044398
-0.9330007,-0.001040107
-0.9320006,-0.001038574
-0.9310006,-0.001033976
-0.9300007,-0.001030297
-0.9290007,-0.001029377
-0.9280006,-0.001023247
-0.9270006,-0.001020488
-0.9260007,-0.001018648
-0.9250007,-0.001013437
-0.9240007,-0.001010678
-0.9230006,-0.001007919
-0.9220006,-0.001003014
-0.9210007,-0.0009999488
-0.9200007,-0.0009974964
-0.9190007,-0.0009932048
-0.9180006,-0.0009907524
-0.9170007,-0.0009876869
-0.9160007,-0.0009827821
-0.9150007,-0.0009803297
-0.9140006,-0.0009757315
-0.9130006,-0.0009729725
-0.9120007,-0.0009705202
-0.9110007,-0.0009662285
-0.9100007,-0.0009646958
-0.9090006,-0.0009591779
-0.9080006,-0.0009579517
-0.9070007,-0.0009545796
-0.9060007,-0.0009512077
-0.9050006,-0.0009481421
-0.9040006,-0.0009444635
-0.9030007,-0.000940785
-0.9020007,-0.0009389457
-0.9010007,-0.0009352671
-0.9000006,-0.0009334278
-0.8990006,-0.0009297492
-0.8980007,-0.0009263772
-0.8970007,-0.0009248445
-0.8960007,-0.0009196331
-0.8950006,-0.0009187135
-0.8940006,-0.0009150349
-0.8930007,-0.0009113564
-0.8920007,-0.0009092105
-0.8910006,-0.0009055319
-0.8900006,-0.0009021599
-0.8890007,-0.0009003207
-0.8880007,-0.0008957224
-0.8870007,-0.0008941896
-0.8860006,-0.000889898
-0.8850006,-0.0008865259
-0.8840007,-0.0008859128
-0.8830007,-0.0008807015
-0.8820007,-0.0008797819
-0.8810006,-0.0008767164
-0.8800007,-0.0008730378
-0.8790007,-0.0008705854
-0.8780007,-0.0008672134
-0.8770006,-0.0008638413
-0.8760006,-0.0008616955
-0.8750007,-0.0008574039
-0.8740007,-0.000855258
-0.8730007,-0.000852499
-0.8720006,-0.0008482074
-0.8710006,-0.0008472878
-0.8700007,-0.0008417699
-0.8690007,-0.0008411568
-0.8680006,-0.0008387044
-0.8670006,-0.0008337997
-0.8660007,-0.0008331866
-0.8650007,-0.0008295079
-0.8640007,-0.0008258293
-0.8630006,-0.0008239901
-0.8620006,-0.0008203115
-0.8610007,-0.000817246
-0.8600007,-0.0008154067
-0.8590007,-0.0008108085
-0.8580006,-0.0008095824
-0.8570006,-0.0008055972
-0.8560007,-0.0008019186
-0.8550007,-0.0008009989
-0.8540006,-0.0007960942
-0.8530006,-0.000794868
-0.8520007,-0.0007911894
-0.8510007,-0.0007881239
-0.8500007,-0.0007856716
-0.8490006,-0.0007816864
-0.8480006,-0.0007789275
-0.8470007,-0.0007761685
-0.8460007,-0.0007718769
-0.8450007,-0.000769731
-0.8440006,-0.000766359
-0.8430007,-0.000762987
-0.8420007,-0.0007611477
-0.8410007,-0.0007562429
-0.8400006,-0.0007550167
-0.8390006,-0.0007525643
-0.8380007,-0.0007482726
-0.8370007,-0.0007470464
-0.8360007,-0.0007430614
-0.8350006,-0.0007390762
-0.8340006,-0.00073785
-0.8330007,-0.0007332518
-0.8320007,-0.0007301863
-0.8310006,-0.0007277339
-0.8300006,-0.0007225226
-0.8290007,-0.0007212964
-0.8280007,-0.0007170048
-0.8270007,-0.0007145524
-0.8260006,-0.0007124065
-0.8250006,-0.0007078083
-0.8240007,-0.0007062756
-0.8230007,-0.0007035166
-0.8220007,-0.0006989184
-0.8210006,-0.0006973856
-0.8200006,-0.0006934005
-0.8190007,-0.0006894154
-0.8180007,-0.0006872696
-0.8170006,-0.0006829779
-0.8160006,-0.0006811386
-0.8150007,-0.00067746
-0.8140007,-0.0006743945
-0.8130007,-0.0006722487
-0.8120006,-0.0006679571
-0.8110006,-0.0006655046
-0.8100007,-0.0006630523
-0.8090007,-0.0006593736
-0.8080007,-0.0006572278
-0.8070006,-0.0006535492
-0.8060006,-0.0006498707
-0.8050007,-0.0006480314
-0.8040007,-0.0006437397
-0.8030006,-0.0006412873
-0.8020006,-0.0006385284
-0.8010007,-0.0006342367
-0.8000007,-0.0006461921
-0.8009993,-0.0006618261
-0.8019994,-0.0006722487
-0.8029994,-0.0006829779
-0.8039994,-0.0006918678
-0.8049994,-0.0006995315
-0.8059993,-0.0007084214
-0.8069994,-0.0007157786
-0.8079994,-0.0007234422
-0.8089994,-0.0007301863
-0.8099993,-0.0007369304
-0.8109994,-0.0007433679
-0.8119994,-0.0007513381
-0.8129994,-0.0007571626
-0.8139994,-0.0007620673
-0.8149993,-0.0007691179
-0.8159994,-0.0007752489
-0.8169994,-0.0007798471
-0.8179994,-0.0007875108
-0.8189994,-0.0007930287
-0.8199994,-0.0007970139
-0.8209994,-0.0008040644
-0.8219994,-0.0008089693
-0.8229994,-0.0008126478
-0.8239993,-0.0008203115
-0.8249994,-0.0008249097
-0.8259994,-0.0008295079
-0.8269994,-0.0008365586
-0.8279994,-0.0008393175
-0.8289993,-0.0008451419
-0.8299994,-0.0008503532
-0.8309994,-0.0008540318
-0.8319994,-0.0008610824
-0.8329993,-0.0008641479
-0.8339994,-0.0008696658
-0.8349994,-0.0008754902
-0.8359994,-0.0008785557
-0.8369994,-0.0008849932
-0.8379993,-0.0008892849
-0.8389994,-0.00089327
-0.8399994,-0.0008981748
-0.8409994,-0.0009018534
-0.8419994,-0.0009067581
-0.8429993,-0.0009110498
-0.8439994,-0.0009153415
-0.8449994,-0.0009202462
-0.8459994,-0.0009242314
-0.8469993,-0.0009288296
-0.8479994,-0.0009334278
-0.8489994,-0.0009377195
-0.8499994,-0.0009423177
-0.8509994,-0.0009459963
-0.8519993,-0.0009509011
-0.8529994,-0.0009551927
-0.8539994,-0.0009585648
-0.8549994,-0.0009625499
-0.8559994,-0.0009677612
-0.8569994,-0.0009708267
-0.8579994,-0.0009757315
-0.8589994,-0.0009803297
-0.8599994,-0.0009833951
-0.8609993,-0.0009883
-0.8619994,-0.0009925916
-0.8629994,-0.0009956572
-0.8639994,-0.001000255
-0.8649994,-0.001004547
-0.8659993,-0.001007919
-0.8669994,-0.001012824
-0.8679994,-0.001016809
-0.8689994,-0.001020488
-0.8699993,-0.001024779
-0.8709994,-0.001028458
-0.8719994,-0.001032136
-0.8729994,-0.001036735
-0.8739994,-0.001040413
-0.8749993,-0.001044705
-0.8759994,-0.001048077
-0.8769994,-0.001052675
-0.8779994,-0.001056354
-0.8789994,-0.001060645
-0.8799993,-0.001062791
-0.8809994,-0.001068922
-0.8819994,-0.001071375
-0.8829994,-0.001075666
-0.8839993,-0.001079958
-0.8849994,-0.00108241
-0.8859994,-0.001088541
-0.8869994,-0.0010913
-0.8879994,-0.001096205
-0.8889993,-0.001100803
-0.8899994,-0.001103869
-0.8909994,-0.00110908
-0.8919994,-0.001112452
-0.8929994,-0.001115824
-0.8939994,-0.001120422
-0.8949994,-0.001123794
-0.8959994,-0.001128699
-0.8969994,-0.001131765
-0.8979993,-0.001135443
-0.8989994,-0.001142187
-0.8999994,-0.001144027
-0.9009994,-0.001148012
-0.9019994,-0.001153223
-0.9029993,-0.001155675
-0.9039994,-0.001159354
-0.9049994,-0.001164565
-0.9059994,-0.001166711
-0.9069993,-0.001171309
-0.9079994,-0.001176214
-0.9089994,-0.001178666
-0.9099994,-0.001182652
-0.9109994,-0.001187556
-0.9119993,-0.001190009
-0.9129994,-0.0011943
-0.9139994,-0.001197059
-0.9149994,-0.001200738
-0.9159994,-0.001205336
-0.9169993,-0.001208095
-0.9179994,-0.001213
-0.9189994,-0.001216065
-0.9199994,-0.001219744
-0.9209993,-0.001225262
-0.9219994,-0.001227408
-0.9229994,-0.001233845
-0.9239994,-0.001236604
-0.9249994,-0.00123967
-0.9259993,-0.001244881
-0.9269994,-0.001247946
-0.9279994,-0.001251932
-0.9289994,-0.001256223
-0.9299994,-0.001258982
-0.9309993,-0.00126358
-0.9319994,-0.001267566
-0.9329994,-0.001270018
-0.9339994,-0.001276149
-0.9349993,-0.001277988
-0.9359994,-0.0012832
-0.9369994,-0.001287798
-0.9379994,-0.001289637
-0.9389994,-0.001295155
-0.9399993,-0.00129822
-0.9409994,-0.001301592
-0.9419994,-0.001305884
-0.9429994,-0.001307723
-0.9439994,-0.001312628
-0.9449994,-0.001315694
-0.9459994,-0.001318759
-0.9469994,-0.001325197
-0.9479994,-0.001326116
-0.9489993,-0.001330714
-0.9499994,-0.001335619
-0.9509994,-0.001336845
-0.9519994,-0.001340524
-0.9529994,-0.001345122
-0.9539993,-0.001346962
-0.9549994,-0.001351253
-0.9559994,-0.001354932
-0.9569994,-0.001357078
-0.9579993,-0.001361982
-0.9589994,-0.001364128
-0.9599994,-0.001366581
-0.9609994,-0.001371485
-0.9619994,-0.001373938
-0.9629993,-0.001376697
-0.9639994,-0.001381295
-0.9649994,-0.001383441
-0.9659994,-0.0013862
-0.9669994,-0.001391411
-0.9679993,-0.001391411
-0.9689994,-0.001396622
-0.9699994,-0.001399994
-0.9709994,-0.001403366
-0.9719993,-0.001407965
-0.9729994,-0.001409804
-0.9739994,-0.001413176
-0.9749994,-0.001416241
-0.9759994,-0.001419307
-0.9769993,-0.001424518
-0.9779994,-0.001426971
-0.9789994,-0.001431569
-0.9799994,-0.001435247
-0.9809994,-0.001437393
-0.9819994,-0.001443218
-0.9829994,-0.001444444
-0.9839994,-0.001447816
-0.9849994,-0.001452721
-0.9859993,-0.001453947
-0.9869994,-0.001457932
-0.9879994,-0.001462224
-0.9889994,-0.001464983
-0.9899994,-0.001468048
-0.9909993,-0.001470807
-0.9919994,-0.001474486
-0.9929994,-0.001476325
-0.9939994,-0.001479084
-0.9949993,-0.001483989
-0.9959994,-0.001485828
-0.9969994,-0.001488893
-0.9979994,-0.001494105
-0.9989994,-0.001494718
-0.9999993,-0.001501155
-1.000999,-0.001502995
-1.001999,-0.001504527
-1.002999,-0.001510045
-1.003999,-0.001511578
-1.004999,-0.00151495
-1.005999,-0.001519242
-1.006999,-0.001519548
-1.007999,-0.001523533
-1.008999,-0.001526905
-1.009999,-0.001528745
-1.010999,-0.001533036
-1.011999,-0.001535182
-1.012999,-0.001538861
-1.013999,-0.001542539
-1.014999,-0.001544379
-1.015999,-0.00154959
-1.016999,-0.001551429
-1.017999,-0.001552962
-1.018999,-0.001557867
-1.019999,-0.00155848
-1.020999,-0.001561852
-1.021999,-0.001564611
-1.022999,-0.001566143
-1.023999,-0.001570129
-1.024999,-0.001572581
-1.025999,-0.001577179
-1.026999,-0.001579325
-1.027999,-0.001580551
-1.028999,-0.001585149
-1.029999,-0.001587295
-1.030999,-0.001587908
-1.031999,-0.001593733
-1.032999,-0.001595266
-1.033999,-0.001596798
-1.034999,-0.001602316
-1.035999,-0.001604156
-1.036999,-0.001604769
-1.037999,-0.001609673
-1.038999,-0.001611206
-1.039999,-0.001613352
-1.040999,-0.001618563
-1.041999,-0.001619483
-1.042999,-0.001621935
-1.043999,-0.001625614
-1.044999,-0.00162776
-1.045999,-0.001629906
-1.046999,-0.001634504
-1.047999,-0.001636343
-1.048999,-0.001637876
-1.049999,-0.001642781
-1.050999,-0.001644926
-1.051999,-0.00164554
-1.052999,-0.001651057
-1.053999,-0.001652284
-1.054999,-0.001653816
-1.055999,-0.001659334
-1.056999,-0.001660867
-1.057999,-0.001663013
-1.058999,-0.001667611
-1.059999,-0.001668224
-1.060999,-0.00167129
-1.061999,-0.001675275
-1.062999,-0.001675581
-1.063999,-0.001678953
-1.064999,-0.001684165
-1.065999,-0.001685084
-1.066999,-0.00168815
-1.067999,-0.001690296
-1.068999,-0.001693361
-1.069999,-0.00169612
-1.070999,-0.001696733
-1.071999,-0.001701331
-1.072999,-0.001702864
-1.073999,-0.001708075
-1.074999,-0.00171298
-1.075999,-0.001713287
-1.076999,-0.001720644
-1.077999,-0.001722177
-1.078999,-0.00172279
-1.079999,-0.001728001
-1.080999,-0.001729227
-1.081999,-0.001731373
-1.082999,-0.001735665
-1.083999,-0.001736891
-1.084999,-0.001740876
-1.085999,-0.001743635
-1.086999,-0.001745781
-1.087999,-0.001750686
-1.088999,-0.001751605
-1.089999,-0.001757123
-1.090999,-0.001759269
-1.091999,-0.001762641
-1.092999,-0.001767852
-1.093999,-0.001768772
-1.094999,-0.001772451
-1.095999,-0.001777662
-1.096999,-0.001777662
-1.097999,-0.001782567
-1.098999,-0.001785019
-1.099999,-0.001787778
-1.100999,-0.001792683
-1.101999,-0.001793602
-1.102999,-0.001798814
-1.103999,-0.00180096
-1.104999,-0.001802492
-1.105999,-0.001809236
-1.106999,-0.001810769
-1.107999,-0.001813221
-1.108999,-0.00181782
-1.109999,-0.001819965
-1.110999,-0.001823031
-1.111999,-0.00182671
-1.112999,-0.001829775
-1.113999,-0.00183376
-1.114999,-0.001836519
-1.115999,-0.001839278
-1.116999,-0.00184357
-1.117999,-0.001846635
-1.118999,-0.001847861
-1.119999,-0.001853992
-1.120999,-0.001854912
-1.121999,-0.00186043
-1.122999,-0.001865335
-1.123999,-0.001868094
-1.124999,-0.001871772
-1.125999,-0.001873611
-1.126999,-0.001877597
-1.127999,-0.001880662
-1.128999,-0.001883421
-1.129999,-0.001889552
-1.130999,-0.001889552
-1.131999,-0.001896296
-1.132999,-0.001900894
-1.133999,-0.00190212
-1.134999,-0.001907332
-1.135999,-0.001909784
-1.136999,-0.001911317
-1.137999,-0.001917448
-1.138999,-0.001919594
-1.139999,-0.001922659
-1.140999,-0.001927257
-1.141999,-0.001929097
-1.142999,-0.001934614
-1.143999,-0.001937374
-1.144999,-0.001939519
-1.145999,-0.00194565
-1.146999,-0.00194749
-1.147999,-0.001949329
-1.148999,-0.001954234
-1.149999,-0.001957912
-1.150999,-0.001958832
-1.151999,-0.001967415
-1.152999,-0.001968028
-1.153999,-0.00197324
-1.154999,-0.001977225
-1.155999,-0.001979371
-1.156999,-0.00198121
-1.157999,-0.001984275
-1.158999,-0.001987034
-1.159999,-0.001991326
-1.160999,-0.001995004
-1.161999,-0.001997764
-1.162999,-0.002002362
-1.163999,-0.002004508
-1.164999,-0.002008186
-1.165999,-0.002012171
-1.166999,-0.002013704
-1.167999,-0.002018609
-1.168999,-0.002021368
-1.169999,-0.002023207
-1.170999,-0.002026885
-1.171999,-0.002029951
-1.172999,-0.002033323
-1.173999,-0.002035775
-1.174999,-0.002038228
-1.175999,-0.0020416
-1.176999,-0.002043132
-1.177999,-0.002048957
-1.178999,-0.002049877
-1.179999,-0.002052942
-1.180999,-0.00205754
-1.181999,-0.002057847
-1.182999,-0.002061832
-1.183999,-0.002067963
-1.184999,-0.002067656
-1.185999,-0.002072561
-1.186999,-0.002077773
-1.187999,-0.002077159
-1.188999,-0.002083597
-1.189999,-0.002088195
-1.190999,-0.002088808
-1.191999,-0.002095552
-1.192999,-0.002101683
-1.193999,-0.002104749
-1.194999,-0.002111799
-1.195999,-0.002113332
-1.196999,-0.002118543
-1.197999,-0.002125287
-1.198999,-0.002130192
-1.199999,-0.002138776
-1.200999,-0.002143374
-1.201999,-0.002149811
-1.202999,-0.002157168
-1.203999,-0.002160541
-1.204999,-0.002168817
-1.205999,-0.002177094
-1.206999,-0.002181999
-1.207999,-0.002192115
-1.208999,-0.002198859
-1.209999,-0.002203457
-1.210999,-0.002213267
-1.211999,-0.002217865
-1.212999,-0.002224609
-1.213999,-0.002235338
-1.214999,-0.002241163
-1.215999,-0.002251892
-1.216999,-0.002258636
-1.217999,-0.002269672
-1.218999,-0.002279175
-1.219999,-0.002287145
-1.220999,-0.002297261
-1.221999,-0.002306457
-1.222999,-0.002314428
-1.223999,-0.002326077
-1.224999,-0.002334047
-1.225999,-0.002345083
-1.226999,-0.002357038
-1.227999,-0.002364089
-1.228999,-0.002378803
-1.229999,-0.00238616
-1.230999,-0.002398116
-1.231999,-0.002411297
-1.232999,-0.002419574
-1.233999,-0.002433675
-1.234999,-0.002445937
-1.235999,-0.002457892
-1.236999,-0.002470154
-1.237999,-0.002480577
-1.238999,-0.002492226
-1.239999,-0.002507247
-1.240999,-0.002517976
-1.241999,-0.002534223
-1.242999,-0.002546791
-1.243999,-0.00255844
-1.244999,-0.002575913
-1.245999,-0.002588482
-1.246999,-0.00260289
-1.247999,-0.00261975
-1.248999,-0.002630786
-1.249999,-0.002648872
-1.250999,-0.002664812
-1.251999,-0.002677074
-1.252999,-0.002697613
-1.253999,-0.002712327
-1.254999,-0.002726429
-1.255999,-0.002746967
-1.256999,-0.002764441
-1.257999,-0.002780994
-1.258999,-0.00280092
-1.259999,-0.002814408
-1.260999,-0.002834947
-1.261999,-0.002854872
-1.262999,-0.002873265
-1.263999,-0.002895643
-1.264999,-0.002915569
-1.265999,-0.002933042
-1.266999,-0.002954807
-1.267999,-0.002972893
-1.268999,-0.002995578
-1.269999,-0.003017956
-1.270999,-0.003000991
-1.271999,-0.003025514
-1.272999,-0.003046973
-1.273999,-0.003065366
-1.274999,-0.003092955
-1.275999,-0.003114413
-1.276999,-0.003135872
-1.277999,-0.003163461
-1.278999,-0.003184919
-1.279999,-0.003212509
-1.280999,-0.003237033
-1.281999,-0.003261557
-1.282999,-0.003292212
-1.283999,-0.003316735
-1.284999,-0.003341259
-1.285999,-0.003371914
-1.286999,-0.003396438
-1.287999,-0.003424027
-1.288999,-0.003451617
-1.289999,-0.003479206
-1.290999,-0.003509861
-1.291999,-0.003540515
-1.292999,-0.003568105
-1.293999,-0.003601825
-1.294999,-0.00363248
-1.295999,-0.003663135
-1.296999,-0.003696855
-1.297999,-0.003724444
-1.298999,-0.00376123
-1.299999,-0.003798016
-1.300999,-0.003831736
-1.301999,-0.003868522
-1.302999,-0.003902242
-1.303999,-0.003942094
-1.304999,-0.003975814
-1.305999,-0.0040126
-1.306999,-0.004055517
-1.307999,-0.004092303
-1.308999,-0.004132153
-1.309999,-0.00417507
-1.310999,-0.004214922
-1.311999,-0.004260904
-1.312999,-0.00430382
-1.313999,-0.004346738
-1.314999,-0.004395785
-1.315999,-0.004438702
-1.316999,-0.00448775
-1.317999,-0.004536797
-1.318999,-0.004585845
-1.319999,-0.004641024
-1.320999,-0.004693137
-1.321999,-0.00474525
-1.322999,-0.004800429
-1.323999,-0.004855608
-1.324999,-0.004913852
-1.325999,-0.004972096
-1.326999,-0.005033405
-1.327999,-0.005097781
-1.328999,-0.005159091
-1.329999,-0.005223466
-1.330999,-0.005293972
-1.331999,-0.005361412
-1.332999,-0.005431918
-1.333999,-0.00550549
-1.334999,-0.005575996
-1.335999,-0.005655698
-1.336999,-0.005735401
-1.337999,-0.005812038
-1.338999,-0.005894806
-1.339999,-0.005977574
-1.340999,-0.006063408
-1.341999,-0.006155372
-1.342999,-0.006244271
-1.343999,-0.006339301
-1.344999,-0.006434331
-1.345999,-0.006532426
-1.346999,-0.006633587
-1.347999,-0.006737814
-1.348999,-0.006845106
-1.349999,-0.006952398
-1.350999,-0.007062755
-1.351999,-0.007179243
-1.352999,-0.007295732
-1.353999,-0.00741222
-1.354999,-0.00754097
-1.355999,-0.007663589
-1.356999,-0.007789274
-1.357999,-0.007927221
-1.358999,-0.008059037
-1.359999,-0.008193919
-1.360999,-0.008341061
-1.361999,-0.008482073
-1.362999,-0.008635348
-1.363999,-0.008785556
-1.364999,-0.008941895
-1.365999,-0.009098236
-1.366999,-0.009254575
-1.367999,-0.009423177
-1.368999,-0.009591779
-1.369999,-0.009763445
-1.370999,-0.009941244
-1.371999,-0.01012211
-1.372999,-0.01030297
-1.373999,-0.01049303
-1.374999,-0.01068003
-1.375999,-0.01087622
-1.376999,-0.01107241
-1.377999,-0.01127473
-1.378999,-0.01148012
-1.379999,-0.0116855
-1.380999,-0.01190009
-1.381999,-0.01211774
-1.382999,-0.01233232
-1.383999,-0.0125561
-1.384999,-0.01278601
-1.385999,-0.01301286
-1.386999,-0.0132489
-1.387999,-0.01348494
-1.388999,-0.01372405
-1.389999,-0.01396929
-1.390999,-0.01421453
-1.391999,-0.0144659
-1.392999,-0.01472033
-1.393999,-0.01497477
-1.394999,-0.01524146
-1.395999,-0.01550509
-1.396999,-0.01577486
-1.397999,-0.01604768
-1.398999,-0.01631438
-1.399999,-0.01659641
-1.400999,-0.01687537
-1.401999,-0.01715126
-1.402999,-0.01744248
-1.403999,-0.01773063
-1.404999,-0.01801573
-1.405999,-0.01831614
-1.406999,-0.01861043
-1.407999,-0.01890778
-1.408999,-0.01921433
-1.409999,-0.01951475
-1.410999,-0.01982129
-1.411999,-0.02013704
-1.412999,-0.02044972
-1.413999,-0.02076853
-1.414999,-0.02108121
-1.415999,-0.02139695
-1.416999,-0.02172802
-1.417999,-0.02204377
-1.418999,-0.02237484
-1.419999,-0.02270591
-1.420999,-0.02303085
-1.421999,-0.02336806
-1.422999,-0.02370219
-1.423999,-0.0240394
-1.424999,-0.02437967
-1.425999,-0.02471074
-1.426999,-0.02505714
-1.427999,-0.02540354
-1.428999,-0.0257438
-1.429999,-0.02610553
-1.430999,-0.0264458
-1.431999,-0.02679833
-1.432999,-0.02716006
-1.433999,-0.02751259
-1.434999,-0.02787125
-1.435999,-0.02823298
-1.436999,-0.02858551
-1.437999,-0.02895337
-1.438999,-0.02930896
-1.439999,-0.02967376
-1.440999,-0.03004468
-1.441999,-0.03040027
-1.442999,-0.0308989
-1.443999,-0.03126676
-1.444999,-0.03160396
-1.445999,-0.03200247
-1.446999,-0.03237033
-1.447999,-0.03276884
-1.448999,-0.0331367
-1.449999,-0.03350456
-1.450999,-0.03390307
-1.451999,-0.03430158
-1.452999,-0.03466944
-1.453999,-0.0350373
-1.454999,-0.03543581
-1.455999,-0.03580367
-1.456999,-0.03620218
-1.457999,-0.03657004
-1.458999,-0.03696856
-1.459999,-0.03733641
-1.460999,-0.03773492
-1.461999,-0.03813344
-1.462999,-0.03853195
-1.463999,-0.03889981
-1.464999,-0.03932897
-1.465999,-0.03969683
-1.466999,-0.04009534
-1.467999,-0.04049386
-1.468999,-0.04089237
-1.469999,-0.04129088
-1.470999,-0.0416894
-1.471999,-0.04208791
-1.472999,-0.04248642
-1.473999,-0.04288493
-1.474999,-0.0433141
-1.475999,-0.04368196
-1.476999,-0.04408047
-1.477999,-0.04450964
-1.478999,-0.0448775
-1.479999,-0.04530666
-1.480999,-0.04570518
-1.481999,-0.04610369
-1.482999,-0.04653286
-1.483999,-0.04693137
-1.484999,-0.04732988
-1.485999,-0.0477284
-1.486999,-0.04815757
-1.487999,-0.04855608
-1.488999,-0.04898525
-1.489999,-0.04938376
-1.490999,-0.04981292
-1.491999,-0.05021144
-1.492999,-0.05060995
-1.493999,-0.05103912
-1.494999,-0.05143763
-1.495999,-0.0518668
-1.496999,-0.05229596
-1.497999,-0.05269448
-1.498999,-0.05312365
-1.499999,-0.05324627
-1.499001,-0.05293972
-1.498001,-0.05257186
-1.497001,-0.052204
-1.496001,-0.0518668
-1.495001,-0.05149894
-1.494001,-0.05116174
-1.493001,-0.05079388
-1.492001,-0.05042602
-1.491001,-0.05005816
-1.490001,-0.04969031
-1.489001,-0.04932245
-1.488001,-0.04895459
-1.487001,-0.04855608
-1.486001,-0.04821887
-1.485001,-0.04782036
-1.484001,-0.04742185
-1.483001,-0.04708464
-1.482001,-0.04668614
-1.481001,-0.04631827
-1.480001,-0.04598107
-1.479001,-0.04555191
-1.478001,-0.0452147
-1.477001,-0.04481619
-1.476001,-0.04441768
-1.475001,-0.04408047
-1.474001,-0.04371261
-1.473001,-0.0433141
-1.472001,-0.04294625
-1.471001,-0.04257839
-1.470001,-0.04221053
-1.469001,-0.04184267
-1.468001,-0.04144416
-1.467001,-0.04110695
-1.466001,-0.04070844
-1.465001,-0.04034058
-1.464001,-0.03997273
-1.463001,-0.03960487
-1.462001,-0.03923701
-1.461001,-0.03886915
-1.460001,-0.03850129
-1.459001,-0.03813344
-1.458001,-0.03776558
-1.457001,-0.03739772
-1.456001,-0.03706052
-1.455001,-0.03669266
-1.454001,-0.0363248
-1.453001,-0.03595695
-1.452001,-0.03558908
-1.451001,-0.03525188
-1.450001,-0.03488402
-1.449001,-0.03451617
-1.448001,-0.03417896
-1.447001,-0.0338111
-1.446001,-0.03347391
-1.445001,-0.03310604
-1.444001,-0.03276884
-1.443001,-0.03240098
-1.442001,-0.03203313
-1.441001,-0.03169592
-1.440001,-0.03135872
-1.439001,-0.03102152
-1.438001,-0.03068431
-1.437001,-0.03031646
-1.436001,-0.02997925
-1.435001,-0.02964205
-1.434001,-0.02930485
-1.433001,-0.02896764
-1.432001,-0.02863044
-1.431001,-0.02829324
-1.430001,-0.02798669
-1.429001,-0.02764949
-1.428001,-0.02731228
-1.427001,-0.02700574
-1.426001,-0.02666853
-1.425001,-0.02633133
-1.424001,-0.02602478
-1.423001,-0.02568758
-1.422001,-0.02538103
-1.421001,-0.02507448
-1.420001,-0.02473728
-1.419001,-0.02443073
-1.418001,-0.02412418
-1.417001,-0.02381763
-1.416001,-0.02351108
-1.415001,-0.02320454
-1.414001,-0.02289799
-1.413001,-0.02259144
-1.412001,-0.02228489
-1.411001,-0.022009
-1.410001,-0.02170245
-1.409001,-0.02142656
-1.408001,-0.02112001
-1.407001,-0.02081346
-1.406001,-0.02053757
-1.405001,-0.02026167
-1.404001,-0.01998578
-1.403001,-0.01970989
-1.402001,-0.01940334
-1.401001,-0.0191581
-1.400001,-0.01885155
-1.399001,-0.01860631
-1.398001,-0.01833042
-1.397001,-0.01805453
-1.396001,-0.01777863
-1.395001,-0.01753339
-1.394001,-0.0172575
-1.393001,-0.01701226
-1.392001,-0.01673637
-1.391001,-0.01649113
-1.390001,-0.01624589
-1.389001,-0.01600065
-1.388001,-0.01583923
-1.387001,-0.01560626
-1.386001,-0.01537021
-1.385001,-0.01513417
-1.384001,-0.01490426
-1.383001,-0.01467435
-1.382001,-0.0144475
-1.381001,-0.01422066
-1.380001,-0.01399994
-1.379001,-0.01377616
-1.378001,-0.01356158
-1.377001,-0.01335006
-1.376001,-0.01313548
-1.375001,-0.01292702
-1.374001,-0.0127247
-1.373001,-0.01251318
-1.372001,-0.01231393
-1.371001,-0.01211774
-1.370001,-0.01192154
-1.369001,-0.01172535
-1.368001,-0.01153836
-1.367001,-0.0113483
-1.366001,-0.01116744
-1.365001,-0.01098351
-1.364001,-0.01080571
-1.363001,-0.01063098
-1.362001,-0.01045011
-1.361001,-0.01028151
-1.360001,-0.01011598
-1.359001,-0.009947374
-1.358001,-0.009791034
-1.357001,-0.009628564
-1.356001,-0.009478356
-1.355001,-0.009325081
-1.354001,-0.009168741
-1.353001,-0.009021599
-1.352001,-0.008874455
-1.351001,-0.008724246
-1.350001,-0.0085863
-1.349001,-0.008448353
-1.348001,-0.008307341
-1.347001,-0.008178591
-1.346001,-0.008046775
-1.345001,-0.007914959
-1.344001,-0.007789274
-1.343001,-0.007663589
-1.342001,-0.007544036
-1.341001,-0.007424482
-1.340001,-0.007307994
-1.339001,-0.007194571
-1.338001,-0.007084213
-1.337001,-0.006970791
-1.336001,-0.006872695
-1.335001,-0.006759272
-1.334001,-0.006661177
-1.333001,-0.006560016
-1.332001,-0.006458855
-1.331001,-0.006360759
-1.330001,-0.00626573
-1.329001,-0.006173765
-1.328001,-0.006084866
-1.327001,-0.005995967
-1.326001,-0.005913199
-1.325001,-0.005827365
-1.324001,-0.005744598
-1.323001,-0.005667961
-1.322001,-0.005582127
-1.321001,-0.005508556
-1.320001,-0.005434984
-1.319001,-0.005358347
-1.318001,-0.005290906
-1.317001,-0.005217335
-1.316001,-0.005149893
-1.315001,-0.005082454
-1.314001,-0.005015012
-1.313001,-0.004956769
-1.312001,-0.004889328
-1.311001,-0.004828018
-1.310001,-0.004769774
-1.309001,-0.004708464
-1.308001,-0.00465022
-1.307001,-0.004601172
-1.306001,-0.004545994
-1.305001,-0.004490815
-1.304001,-0.004438702
-1.303001,-0.004389654
-1.302001,-0.004340607
-1.301001,-0.004291559
-1.300001,-0.004248642
-1.299001,-0.004199594
-1.298001,-0.004153612
-1.297001,-0.004116826
-1.296001,-0.004067779
-1.295001,-0.004024862
-1.294001,-0.003988076
-1.293001,-0.003942094
-1.292001,-0.003905308
-1.291001,-0.003868522
-1.290001,-0.003828671
-1.289001,-0.003794951
-1.288001,-0.003758165
-1.287001,-0.003718314
-1.286001,-0.003687659
-1.285001,-0.003653938
-1.284001,-0.003620218
-1.283001,-0.003589563
-1.282001,-0.003555843
-1.281001,-0.003525188
-1.280001,-0.003497599
-1.279001,-0.003466944
-1.278001,-0.003439354
-1.277001,-0.0034087
-1.276001,-0.003378045
-1.275001,-0.003353521
-1.274001,-0.003325932
-1.273001,-0.003298342
-1.272001,-0.003273819
-1.271001,-0.003249295
-1.270001,-0.003221706
-1.269001,-0.003200247
-1.268001,-0.003175723
-1.267001,-0.003154265
-1.266001,-0.003129741
-1.265001,-0.003105217
-1.264001,-0.003080693
-1.263001,-0.003059235
-1.262001,-0.003040842
-1.261001,-0.003019383
-1.260001,-0.002997925
-1.259001,-0.002979532
-1.258001,-0.002961139
-1.257001,-0.002936616
-1.256001,-0.002924354
-1.255001,-0.002902895
-1.254001,-0.002881437
-1.253001,-0.002869175
-1.252001,-0.002847716
-1.251001,-0.002832389
-1.250001,-0.002817062
-1.249001,-0.002795603
-1.248001,-0.002783341
-1.247001,-0.002768014
-1.246001,-0.002746556
-1.245001,-0.002734293
-1.244001,-0.002715901
-1.243001,-0.002700574
-1.242001,-0.002688312
-1.241001,-0.002669919
-1.240001,-0.002657657
-1.239001,-0.002642329
-1.238001,-0.002630068
-1.237001,-0.002617805
-1.236001,-0.002602478
-1.235001,-0.002587151
-1.234001,-0.002574889
-1.233001,-0.002556496
-1.232001,-0.002547299
-1.231001,-0.002531972
-1.230001,-0.00251971
-1.229001,-0.002507448
-1.228001,-0.00249212
-1.227001,-0.002479859
-1.226001,-0.002467597
-1.225001,-0.002455335
-1.224001,-0.002443073
-1.223001,-0.002427745
-1.222001,-0.002418549
-1.221001,-0.002409352
-1.220001,-0.002394025
-1.219001,-0.002384829
-1.218001,-0.002375632
-1.217001,-0.002360305
-1.216001,-0.002351108
-1.215001,-0.002341912
-1.214001,-0.00232965
-1.213001,-0.002317388
-1.212001,-0.002308191
-1.211001,-0.00229593
-1.210001,-0.002286733
-1.209001,-0.002274471
-1.208001,-0.002265275
-1.207001,-0.002256078
-1.206001,-0.002243817
-1.205001,-0.00223462
-1.204001,-0.002225423
-1.203001,-0.002216227
-1.202001,-0.002207031
-1.201001,-0.002197834
-1.200001,-0.002188638
-1.199001,-0.002179441
-1.198001,-0.002170245
-1.197001,-0.002161048
-1.196001,-0.002151852
-1.195001,-0.002145721
-1.194001,-0.002136525
-1.193001,-0.002124263
-1.192001,-0.002121197
-1.191001,-0.002108935
-1.190001,-0.002099739
-1.189001,-0.002096673
-1.188001,-0.002084411
-1.187001,-0.002075215
-1.186001,-0.002072149
-1.185001,-0.002059887
-1.184001,-0.002047626
-1.183001,-0.00204456
-1.182001,-0.002038429
-1.181001,-0.002029233
-1.180001,-0.002023102
-1.179001,-0.002016971
-1.178001,-0.002007774
-1.177001,-0.002001643
-1.176001,-0.001995512
-1.175001,-0.00198325
-1.174001,-0.001980185
-1.173001,-0.001974054
-1.172001,-0.001964858
-1.171001,-0.001964858
-1.170001,-0.001955661
-1.169001,-0.001946465
-1.168001,-0.001943399
-1.167001,-0.001934203
-1.166001,-0.001925006
-1.165001,-0.001921941
-1.164001,-0.001912744
-1.163001,-0.001909679
-1.162001,-0.001903548
-1.161001,-0.001897417
-1.160001,-0.001891286
-1.159001,-0.001885155
-1.158001,-0.001879024
-1.157001,-0.001872893
-1.156001,-0.001866762
-1.155001,-0.001860631
-1.154001,-0.0018545
-1.153001,-0.001848369
-1.152001,-0.001845304
-1.151001,-0.001836107
-1.150001,-0.001833042
-1.149001,-0.001826911
-1.148001,-0.00182078
-1.147001,-0.00182078
-1.146001,-0.001808518
-1.145001,-0.001805453
-1.144001,-0.001802387
-1.143001,-0.001796256
-1.142001,-0.001790125
-1.141001,-0.001783994
-1.140001,-0.001777863
-1.139001,-0.001774798
-1.138001,-0.001768667
-1.137001,-0.001762536
-1.136001,-0.001756405
-1.135001,-0.001750274
-1.134001,-0.001750274
-1.133001,-0.001741077
-1.132001,-0.001738012
-1.131001,-0.001734946
-1.130001,-0.00172575
-1.129001,-0.00172575
-1.128001,-0.001719619
-1.127001,-0.001710422
-1.126001,-0.001710422
-1.125001,-0.001701226
-1.124001,-0.001695095
-1.123001,-0.00169203
-1.122001,-0.001685899
-1.121001,-0.001682833
-1.120001,-0.001676702
-1.119001,-0.001676702
-1.118001,-0.001670571
-1.117001,-0.00166444
-1.116001,-0.001658309
-1.115001,-0.001655244
-1.114001,-0.001649113
-1.113001,-0.001646047
-1.112001,-0.001636851
-1.111001,-0.001633785
-1.110001,-0.00163072
-1.109001,-0.001624589
-1.108001,-0.001621523
-1.107001,-0.001612327
-1.106001,-0.001646459
-1.105001,-0.001643394
-1.104001,-0.00163665
-1.103001,-0.001633891
-1.102001,-0.001628373
-1.101001,-0.001623161
-1.100001,-0.001620403
-1.099001,-0.001615191
-1.098001,-0.0016109
-1.097001,-0.001606608
-1.096001,-0.001601396
-1.095001,-0.001598638
-1.094001,-0.001592813
-1.093001,-0.001590054
-1.092001,-0.001586376
-1.091001,-0.001582391
-1.090001,-0.001578405
-1.089001,-0.001572274
-1.088001,-0.001568902
-1.087001,-0.001565837
-1.086001,-0.001560319
-1.085001,-0.001557254
-1.084001,-0.001553269
-1.083001,-0.00154867
-1.082001,-0.001547138
-1.081001,-0.001541313
-1.080001,-0.001539167
-1.079001,-0.001536102
-1.078001,-0.001530277
-1.077001,-0.001528745
-1.076001,-0.001524453
-1.075001,-0.001519548
-1.074001,-0.001518015
-1.073001,-0.001513417
-1.072001,-0.001510045
-1.071001,-0.001507593
-1.070001,-0.001502075
-1.069001,-0.001500542
-1.068001,-0.00149717
-1.067001,-0.001491959
-1.066001,-0.001492265
-1.065001,-0.001487054
-1.064001,-0.001483682
-1.063001,-0.001482456
-1.062001,-0.001476631
-1.061001,-0.001473566
-1.060001,-0.001472646
-1.059001,-0.001465289
-1.058001,-0.001464063
-1.057001,-0.001461304
-1.056001,-0.001455173
-1.055001,-0.001453027
-1.054001,-0.001452414
-1.053001,-0.001448122
-1.052001,-0.001442911
-1.051001,-0.001443524
-1.050001,-0.001439232
-1.049001,-0.001432795
-1.048001,-0.001435554
-1.047001,-0.00142973
-1.046001,-0.001423905
-1.045001,-0.001424825
-1.044001,-0.001419307
-1.043001,-0.001414096
-1.042001,-0.001414709
-1.041001,-0.001409497
-1.040001,-0.001405819
-1.039001,-0.001405206
-1.038001,-0.001399075
-1.037001,-0.001395396
-1.036001,-0.001393863
-1.035001,-0.001388345
-1.034001,-0.001386813
-1.033001,-0.00138436
-1.032001,-0.001378536
-1.031001,-0.00137639
-1.030001,-0.001372712
-1.029001,-0.001369646
-1.028001,-0.001367807
-1.027001,-0.001364128
-1.026001,-0.00136045
-1.025001,-0.001356464
-1.024001,-0.001352786
-1.023001,-0.001350334
-1.022001,-0.001346962
-1.021001,-0.001345122
-1.020001,-0.001339604
-1.019001,-0.001338072
-1.018001,-0.001336539
-1.017001,-0.001330101
-1.016001,-0.001331327
-1.015001,-0.001326729
-1.014001,-0.001322744
-1.013001,-0.001321211
-1.012001,-0.001316307
-1.011001,-0.001312628
-1.010001,-0.001310482
-1.009001,-0.001305577
-1.008001,-0.001303738
-1.007001,-0.001300366
-1.006001,-0.001296381
-1.005001,-0.001295461
-1.004001,-0.001289943
-1.003001,-0.001288717
-1.002001,-0.001285039
-1.001001,-0.001281973
-1.000001,-0.001279214
-0.9990008,-0.001274923
-0.9980009,-0.001271244
-0.9970009,-0.001269405
-0.9960009,-0.001264193
-0.9950009,-0.001262967
-0.9940009,-0.001259289
-0.9930009,-0.001253771
-0.9920009,-0.001252851
-0.9910009,-0.001247946
-0.9900008,-0.001243655
-0.9890009,-0.001243348
-0.9880009,-0.001237217
-0.9870009,-0.001234152
-0.9860009,-0.001233539
-0.9850008,-0.001227714
-0.9840009,-0.001225875
-0.9830009,-0.001223423
-0.9820009,-0.001218824
-0.9810008,-0.001215759
-0.9800009,-0.001211467
-0.9790009,-0.001208708
-0.9780009,-0.001204723
-0.9770009,-0.001202577
-0.9760008,-0.001200125
-0.9750009,-0.00119522
-0.9740009,-0.001193381
-0.9730009,-0.001190315
-0.9720009,-0.001185411
-0.9710009,-0.001184491
-0.9700009,-0.001180812
-0.9690009,-0.001176214
-0.9680009,-0.001174068
-0.9670008,-0.001168244
-0.9660009,-0.001166711
-0.9650009,-0.001162726
-0.9640009,-0.001158741
-0.9630009,-0.001157821
-0.9620008,-0.001152303
-0.9610009,-0.001149544
-0.9600009,-0.001147398
-0.9590009,-0.001142187
-0.9580009,-0.001139122
-0.9570009,-0.001136363
-0.9560009,-0.001131151
-0.9550009,-0.001129619
-0.9540009,-0.001125021
-0.9530008,-0.001121955
-0.9520009,-0.001118583
-0.9510009,-0.001113678
-0.9500009,-0.001111226
-0.9490009,-0.001108467
-0.9480008,-0.001103256
-0.9470009,-0.001100497
-0.9460009,-0.001097125
-0.9450009,-0.00109222
-0.9440009,-0.001089768
-0.9430009,-0.001086702
-0.9420009,-0.001082104
-0.9410009,-0.001079958
-0.9400009,-0.001074747
-0.9390008,-0.001072294
-0.9380009,-0.001069229
-0.9370009,-0.001064631
-0.9360009,-0.001063098
-0.9350009,-0.001059113
-0.9340008,-0.001053595
-0.9330009,-0.001053288
-0.9320009,-0.001046851
-0.9310009,-0.001044092
-0.9300008,-0.001041946
-0.9290009,-0.001035815
-0.9280009,-0.001033669
-0.9270009,-0.001029684
-0.9260009,-0.001026312
-0.9250008,-0.001025392
-0.9240009,-0.001019568
-0.9230009,-0.001017729
-0.9220009,-0.001014357
-0.9210009,-0.001010371
-0.9200009,-0.001008226
-0.9190009,-0.00100424
-0.9180009,-0.001000562
-0.9170009,-0.0009984161
-0.9160008,-0.0009932048
-0.9150009,-0.0009910589
-0.9140009,-0.0009876869
-0.9130009,-0.0009837018
-0.9120009,-0.0009815559
-0.9110008,-0.0009778773
-0.9100009,-0.0009751184
-0.9090009,-0.0009705202
-0.9080009,-0.0009659219
-0.9070009,-0.0009643892
-0.9060009,-0.0009607106
-0.9050009,-0.0009582583
-0.9040009,-0.0009564189
-0.9030009,-0.0009518207
-0.9020008,-0.000950288
-0.9010009,-0.0009463029
-0.9000009,-0.0009423177
-0.8990009,-0.0009417046
-0.8980009,-0.0009364933
-0.8970008,-0.0009349606
-0.8960009,-0.000931895
-0.8950009,-0.00092791
-0.8940009,-0.000925151
-0.8930008,-0.000921779
-0.8920009,-0.0009181004
-0.8910009,-0.0009159546
-0.8900009,-0.0009116629
-0.8890009,-0.0009095171
-0.8880008,-0.0009058384
-0.8870009,-0.000902773
-0.8860009,-0.0009009338
-0.8850009,-0.0008969486
-0.8840009,-0.0008941896
-0.8830009,-0.0008908176
-0.8820009,-0.0008883653
-0.8810009,-0.0008840736
-0.8800009,-0.000881008
-0.8790008,-0.0008785557
-0.8780009,-0.0008757967
-0.8770009,-0.0008718116
-0.8760009,-0.0008702789
-0.8750009,-0.0008672134
-0.8740008,-0.0008635348
-0.8730009,-0.0008610824
-0.8720009,-0.0008574039
-0.8710009,-0.0008534187
-0.8700009,-0.0008515794
-0.8690009,-0.0008482074
-0.8680009,-0.0008436092
-0.8670009,-0.0008417699
-0.8660009,-0.0008387044
-0.8650008,-0.0008347193
-0.8640009,-0.0008322669
-0.8630009,-0.0008282817
-0.8620009,-0.0008255228
-0.8610009,-0.000823377
-0.8600008,-0.000820005
-0.8590009,-0.0008169395
-0.8580009,-0.0008129543
-0.8570009,-0.0008108085
-0.8560008,-0.0008074365
-0.8550009,-0.0008040644
-0.8540009,-0.0008025317
-0.8530009,-0.0007979335
-0.8520009,-0.0007951746
-0.8510008,-0.0007930287
-0.8500009,-0.0007881239
-0.8490009,-0.0007865912
-0.8480009,-0.0007835258
-0.8470009,-0.0007804602
-0.8460009,-0.0007767816
-0.8450009,-0.0007731031
-0.8440009,-0.000769731
-0.8430009,-0.0007669721
-0.8420008,-0.0007636001
-0.8410009,-0.0007617608
-0.8400009,-0.0007571626
-0.8390009,-0.000753484
-0.8380009,-0.0007513381
-0.8370008,-0.0007470464
-0.8360009,-0.0007445941
-0.8350009,-0.0007415286
-0.8340009,-0.0007372369
-0.8330009,-0.0007344779
-0.8320009,-0.0007317191
-0.8310009,-0.0007277339
-0.8300009,-0.000724975
-0.8290009,-0.0007216029
-0.8280008,-0.0007170048
-0.8270009,-0.0007151655
-0.8260009,-0.0007111803
-0.8250009,-0.0007078083
-0.8240009,-0.0007047429
-0.8230008,-0.0007007577
-0.8220009,-0.0006970791
-0.8210009,-0.0006949333
-0.8200009,-0.0006906416
-0.8190009,-0.0006872696
-0.8180009,-0.0006832844
-0.8170009,-0.0006796059
-0.8160009,-0.00067746
-0.8150009,-0.000674088
-0.8140008,-0.0006707159
-0.8130009,-0.0006682636
-0.8120009,-0.0006642784
-0.8110009,-0.0006605998
-0.8100009,-0.0006572278
-0.8090008,-0.0006541623
-0.8080009,-0.0006507903
-0.8070009,-0.0006468052
-0.8060009,-0.0006443528
-0.8050008,-0.0006412873
-0.8040009,-0.0006376088
-0.8030009,-0.0006348498
-0.8020009,-0.0006314777
-0.8010009,-0.0006274926
-0.8000008,-0.0006403677
-0.8009992,-0.0006566148
-0.8019992,-0.0006685701
-0.8029991,-0.000680219
-0.8039991,-0.0006900285
-0.8049992,-0.000699838
-0.8059992,-0.0007078083
-0.8069991,-0.0007166982
-0.8079991,-0.000724975
-0.8089992,-0.0007323321
-0.8099992,-0.0007403024
-0.8109992,-0.000747353
-0.8119991,-0.0007531774
-0.8129991,-0.0007614543
-0.8139992,-0.0007672787
-0.8149992,-0.0007734096
-0.8159992,-0.000781993
-0.8169991,-0.0007859781
-0.8179991,-0.0007939483
-0.8189992,-0.0008000793
-0.8199992,-0.0008052906
-0.8209991,-0.0008114216
-0.8219991,-0.0008166329
-0.8229992,-0.0008224574
-0.8239992,-0.0008282817
-0.8249992,-0.0008331866
-0.8259991,-0.0008383978
-0.8269991,-0.0008436092
-0.8279992,-0.000848514
-0.8289992,-0.000855258
-0.8299991,-0.0008583235
-0.8309991,-0.0008641479
-0.8319992,-0.0008699723
-0.8329992,-0.0008736509
-0.8339992,-0.0008794753
-0.8349991,-0.000883767
-0.8359991,-0.0008880587
-0.8369992,-0.0008935765
-0.8379992,-0.0008975617
-0.8389992,-0.0009033861
-0.8399991,-0.0009073712
-0.8409991,-0.0009116629
-0.8419992,-0.0009181004
-0.8429992,-0.0009214724
-0.8439991,-0.0009260707
-0.8449991,-0.0009309754
-0.8459992,-0.0009340409
-0.8469992,-0.0009395588
-0.8479992,-0.000944157
-0.8489991,-0.0009481421
-0.8499991,-0.0009533535
-0.8509992,-0.0009582583
-0.8519992,-0.0009610172
-0.8529992,-0.0009659219
-0.8539991,-0.0009702136
-0.8549991,-0.0009732791
-0.8559992,-0.0009781838
-0.8569992,-0.0009824756
-0.8579991,-0.0009873803
-0.8589991,-0.0009907524
-0.8599992,-0.0009956572
-0.8609992,-0.0009999488
-0.8619992,-0.001002708
-0.8629991,-0.001008839
-0.8639991,-0.001012211
-0.8649992,-0.001015583
-0.8659992,-0.001021714
-0.8669991,-0.001024166
-0.8679991,-0.001027538
-0.8689992,-0.001033669
-0.8699992,-0.001036735
-0.8709992,-0.001041026
-0.8719991,-0.001045624
-0.8729991,-0.001049303
-0.8739992,-0.001053595
-0.8749992,-0.00105758
-0.8759992,-0.001061565
-0.8769991,-0.001066776
-0.8779991,-0.001069229
-0.8789992,-0.001074134
-0.8799992,-0.001079345
-0.8809991,-0.001081491
-0.8819991,-0.001085782
-0.8829992,-0.001090687
-0.8839992,-0.001093446
-0.8849992,-0.001097738
-0.8859991,-0.001102643
-0.8869991,-0.001105095
-0.8879992,-0.001109387
-0.8889992,-0.001114598
-0.8899992,-0.001116744
-0.8909991,-0.001121342
-0.8919991,-0.001125327
-0.8929992,-0.001129006
-0.8939992,-0.001132684
-0.8949991,-0.001136976
-0.8959991,-0.001142187
-0.8969992,-0.001144333
-0.8979992,-0.001150771
-0.8989992,-0.001154143
-0.8999991,-0.001156288
-0.9009991,-0.001163033
-0.9019992,-0.001165791
-0.9029992,-0.00116855
-0.9039991,-0.001174068
-0.9049991,-0.001176827
-0.9059991,-0.001181119
-0.9069992,-0.001184797
-0.9079992,-0.001188783
-0.9089991,-0.001192768
-0.9099991,-0.001195527
-0.9109992,-0.001201045
-0.9119992,-0.00120503
-0.9129992,-0.001207175
-0.9139991,-0.00121208
-0.9149991,-0.001215759
-0.9159992,-0.001218824
-0.9169992,-0.001223423
-0.9179991,-0.001227101
-0.9189991,-0.001230473
-0.9199992,-0.001234765
-0.9209992,-0.001238137
-0.9219992,-0.001242122
-0.9229991,-0.001245494
-0.9239991,-0.001248866
-0.9249992,-0.001251932
-0.9259992,-0.001256223
-0.9269992,-0.001258982
-0.9279991,-0.001264193
-0.9289991,-0.001267259
-0.9299992,-0.001270631
-0.9309992,-0.00127431
-0.9319991,-0.001277375
-0.9329991,-0.00128044
-0.9339992,-0.001285958
-0.9349992,-0.001288411
-0.9359992,-0.001291476
-0.9369991,-0.001296688
-0.9379991,-0.001297914
-0.9389992,-0.001303738
-0.9399992,-0.001308643
-0.9409992,-0.001309869
-0.9419991,-0.001314161
-0.9429991,-0.00131692
-0.9439992,-0.001319679
-0.9449992,-0.001324277
-0.9459991,-0.001327036
-0.9469991,-0.001331021
-0.9479992,-0.00133378
-0.9489992,-0.001337459
-0.9499992,-0.001342057
-0.9509991,-0.001344509
-0.9519991,-0.001349414
-0.9529992,-0.001353399
-0.9539992,-0.001355545
-0.9549991,-0.00136045
-0.9559991,-0.001364128
-0.9569992,-0.001367194
-0.9579992,-0.001370872
-0.9589992,-0.001374857
-0.9599991,-0.00137731
-0.9609991,-0.001380682
-0.9619992,-0.00138528
-0.9629992,-0.001389265
-0.9639992,-0.001389878
-0.9649991,-0.001396622
-0.9659991,-0.001399688
-0.9669992,-0.001400607
-0.9679992,-0.001408578
-0.9689991,-0.00141103
-0.9699991,-0.001413482
-0.9709992,-0.001420533
-0.9719992,-0.001422679
-0.9729992,-0.001425131
-0.9739991,-0.001430343
-0.9749991,-0.001431875
-0.9759992,-0.00143678
-0.9769992,-0.001439539
-0.9779992,-0.001441378
-0.9789991,-0.001447816
-0.9799991,-0.001448429
-0.9809992,-0.001453334
-0.9819992,-0.001457932
-0.9829991,-0.001459465
-0.9839991,-0.001463756
-0.9849992,-0.001467129
-0.9859992,-0.001469274
-0.9869992,-0.001474179
-0.9879991,-0.001476631
-0.9889991,-0.001478471
-0.9899992,-0.001482456
-0.9909992,-0.001483682
-0.9919991,-0.001489813
-0.9929991,-0.001490426
-0.9939992,-0.001495024
-0.9949992,-0.001499929
-0.9959992,-0.001501155
-0.9969991,-0.001503914
-0.9979991,-0.001507899
-0.9989992,-0.001508512
-0.9999992,-0.001513417
-1.000999,-0.001517096
-1.001999,-0.001518935
-1.002999,-0.001522307
-1.003999,-0.001526599
-1.004999,-0.001527825
-1.005999,-0.001532423
-1.006999,-0.001533956
-1.007999,-0.001535795
-1.008999,-0.001540087
-1.009999,-0.00154162
-1.010999,-0.001545911
-1.011999,-0.001549283
-1.012999,-0.001551429
-1.013999,-0.001553575
-1.014999,-0.001557867
-1.015999,-0.001560013
-1.016999,-0.001562772
-1.017999,-0.001566143
-1.018999,-0.001569209
-1.019999,-0.001572274
-1.020999,-0.001576566
-1.021999,-0.001578712
-1.022999,-0.001580551
-1.023999,-0.001585456
-1.024999,-0.001587295
-1.025999,-0.001590054
-1.026999,-0.001597718
-1.027999,-0.001596492
-1.028999,-0.001600783
-1.029999,-0.001605688
-1.030999,-0.001605688
-1.031999,-0.0016109
-1.032999,-0.001613352
-1.033999,-0.001615498
-1.034999,-0.001620096
-1.035999,-0.001622242
-1.036999,-0.001625307
-1.037999,-0.001629599
-1.038999,-0.001630212
-1.039999,-0.001636036
-1.040999,-0.001636036
-1.041999,-0.001640941
-1.042999,-0.001644926
-1.043999,-0.001646153
-1.044999,-0.001650751
-1.045999,-0.001654123
-1.046999,-0.001655656
-1.047999,-0.001659028
-1.048999,-0.001661787
-1.049999,-0.001663932
-1.050999,-0.001668531
-1.051999,-0.001668531
-1.052999,-0.001674968
-1.053999,-0.001675275
-1.054999,-0.001678953
-1.055999,-0.001683858
-1.056999,-0.001684471
-1.057999,-0.001689069
-1.058999,-0.001691828
-1.059999,-0.001694587
-1.060999,-0.001697346
-1.061999,-0.001698879
-1.062999,-0.001701331
-1.063999,-0.001705623
-1.064999,-0.001705623
-1.065999,-0.001711447
-1.066999,-0.001713593
-1.067999,-0.001715126
-1.068999,-0.001718805
-1.069999,-0.00172187
-1.070999,-0.001723096
-1.071999,-0.001727081
-1.072999,-0.001729227
-1.073999,-0.00173168
-1.074999,-0.001735665
-1.075999,-0.001737504
-1.076999,-0.001742102
-1.077999,-0.001744861
-1.078999,-0.001745168
-1.079999,-0.001752525
-1.080999,-0.001752218
-1.081999,-0.001754364
-1.082999,-0.001759575
-1.083999,-0.001759269
-1.084999,-0.001763254
-1.085999,-0.001766933
-1.086999,-0.001770305
-1.087999,-0.001774596
-1.088999,-0.001777355
-1.089999,-0.001781034
-1.090999,-0.001781953
-1.091999,-0.001784712
-1.092999,-0.001789924
-1.093999,-0.001790843
-1.094999,-0.001793296
-1.095999,-0.001798814
-1.096999,-0.001800346
-1.097999,-0.001804025
-1.098999,-0.00180801
-1.099999,-0.001809543
-1.100999,-0.001811995
-1.101999,-0.00181598
-1.102999,-0.001818433
-1.103999,-0.001821498
-1.104999,-0.00182487
-1.105999,-0.001827323
-1.106999,-0.001831614
-1.107999,-0.001835293
-1.108999,-0.001837132
-1.109999,-0.001842037
-1.110999,-0.001842957
-1.111999,-0.001847555
-1.112999,-0.001852153
-1.113999,-0.001855525
-1.114999,-0.001858284
-1.115999,-0.001859204
-1.116999,-0.001863802
-1.117999,-0.001867787
-1.118999,-0.001869933
-1.119999,-0.001875757
-1.120999,-0.001879129
-1.121999,-0.001880969
-1.122999,-0.00188526
-1.123999,-0.001888326
-1.124999,-0.001890778
-1.125999,-0.001895683
-1.126999,-0.001899055
-1.127999,-0.001903347
-1.128999,-0.001906106
-1.129999,-0.001907025
-1.130999,-0.00191285
-1.131999,-0.001916222
-1.132999,-0.001917448
-1.133999,-0.001922966
-1.134999,-0.001925418
-1.135999,-0.001927257
-1.136999,-0.001933388
-1.137999,-0.001934921
-1.138999,-0.001939213
-1.139999,-0.001942585
-1.140999,-0.001947796
-1.141999,-0.001951781
-1.142999,-0.00195362
-1.143999,-0.001960365
-1.144999,-0.001961897
-1.145999,-0.00196343
-1.146999,-0.001971094
-1.147999,-0.00197324
-1.148999,-0.001976305
-1.149999,-0.001982743
-1.150999,-0.001984275
-1.151999,-0.001987034
-1.152999,-0.001991633
-1.153999,-0.001994391
-1.154999,-0.001999296
-1.155999,-0.002004201
-1.156999,-0.00200696
-1.157999,-0.002011252
-1.158999,-0.002014317
-1.159999,-0.002017995
-1.160999,-0.002020754
-1.161999,-0.002025353
-1.162999,-0.002029951
-1.163999,-0.002032403
-1.164999,-0.002036388
-1.165999,-0.002041906
-1.166999,-0.002043439
-1.167999,-0.002047424
-1.168999,-0.00205049
-1.169999,-0.002052022
-1.170999,-0.002060299
-1.171999,-0.002059993
-1.172999,-0.002067043
-1.173999,-0.002070109
-1.174999,-0.002072868
-1.175999,-0.002077466
-1.176999,-0.002078692
-1.177999,-0.002081144
-1.178999,-0.002085743
-1.179999,-0.002087275
-1.180999,-0.002092487
-1.181999,-0.002094939
-1.182999,-0.002097698
-1.183999,-0.002104749
-1.184999,-0.002106281
-1.185999,-0.00210996
-1.186999,-0.002116397
-1.187999,-0.00211793
-1.188999,-0.002124368
-1.189999,-0.00212866
-1.190999,-0.002132644
-1.191999,-0.002138776
-1.192999,-0.002143067
-1.193999,-0.002150118
-1.194999,-0.002154716
-1.195999,-0.002158088
-1.196999,-0.002168817
-1.197999,-0.002173109
-1.198999,-0.002179547
-1.199999,-0.002187823
-1.200999,-0.002192422
-1.201999,-0.002199472
-1.202999,-0.002209588
-1.203999,-0.00221388
-1.204999,-0.002221237
-1.205999,-0.002233806
-1.206999,-0.002235645
-1.207999,-0.002247907
-1.208999,-0.002256183
-1.209999,-0.002262928
-1.210999,-0.002272737
-1.211999,-0.002279788
-1.212999,-0.002289291
-1.213999,-0.002297874
-1.214999,-0.002308603
-1.215999,-0.002320865
-1.216999,-0.00232669
-1.217999,-0.002340791
-1.218999,-0.002349681
-1.219999,-0.002357957
-1.220999,-0.002371139
-1.221999,-0.002379416
-1.222999,-0.002389226
-1.223999,-0.0024021
-1.224999,-0.00241191
-1.225999,-0.002425398
-1.226999,-0.002435208
-1.227999,-0.002447776
-1.228999,-0.002461877
-1.229999,-0.002471994
-1.230999,-0.002485482
-1.231999,-0.002499276
-1.232999,-0.002509086
-1.233999,-0.002524413
-1.234999,-0.002538208
-1.235999,-0.00255139
-1.236999,-0.002568863
-1.237999,-0.002580205
-1.238999,-0.002594306
-1.239999,-0.002610247
-1.240999,-0.002621589
-1.241999,-0.002638143
-1.242999,-0.002656229
-1.243999,-0.002668798
-1.244999,-0.00268903
-1.245999,-0.002701905
-1.246999,-0.002722444
-1.247999,-0.002738997
-1.248999,-0.00275647
-1.249999,-0.00277425
-1.250999,-0.00279111
-1.251999,-0.002811342
-1.252999,-0.002829122
-1.253999,-0.002845063
-1.254999,-0.002868054
-1.255999,-0.002884914
-1.256999,-0.002904533
-1.257999,-0.002928444
-1.258999,-0.002944078
-1.259999,-0.002969828
-1.260999,-0.002990367
-1.261999,-0.003009986
-1.262999,-0.003000991
-1.263999,-0.003019383
-1.264999,-0.003037777
-1.265999,-0.003065366
-1.266999,-0.003086824
-1.267999,-0.003111348
-1.268999,-0.003132806
-1.269999,-0.00315733
-1.270999,-0.003184919
-1.271999,-0.003206378
-1.272999,-0.003237033
-1.273999,-0.003261557
-1.274999,-0.003286081
-1.275999,-0.003316735
-1.276999,-0.003341259
-1.277999,-0.003365783
-1.278999,-0.003399503
-1.279999,-0.003420962
-1.280999,-0.003454682
-1.281999,-0.003482271
-1.282999,-0.003509861
-1.283999,-0.003543581
-1.284999,-0.00357117
-1.285999,-0.003601825
-1.286999,-0.00363248
-1.287999,-0.003663135
-1.288999,-0.003699921
-1.289999,-0.003730575
-1.290999,-0.00376123
-1.291999,-0.003798016
-1.292999,-0.003825605
-1.293999,-0.003865457
-1.294999,-0.003896111
-1.295999,-0.003932897
-1.296999,-0.003972749
-1.297999,-0.004006469
-1.298999,-0.00404632
-1.299999,-0.004086172
-1.300999,-0.004122957
-1.301999,-0.004162808
-1.302999,-0.00420266
-1.303999,-0.004242511
-1.304999,-0.004285428
-1.305999,-0.004328344
-1.306999,-0.004374327
-1.307999,-0.004414178
-1.308999,-0.00446016
-1.309999,-0.004509208
-1.310999,-0.004552125
-1.311999,-0.004601172
-1.312999,-0.00465022
-1.313999,-0.004699268
-1.314999,-0.004751381
-1.315999,-0.004803495
-1.316999,-0.004855608
-1.317999,-0.004913852
-1.318999,-0.004965965
-1.319999,-0.005027275
-1.320999,-0.005085519
-1.321999,-0.005143763
-1.322999,-0.005205072
-1.323999,-0.005266382
-1.324999,-0.005327692
-1.325999,-0.005398198
-1.326999,-0.005465638
-1.327999,-0.005536145
-1.328999,-0.005612782
-1.329999,-0.005680223
-1.330999,-0.00575686
-1.331999,-0.005830431
-1.332999,-0.005907068
-1.333999,-0.005989837
-1.334999,-0.006069539
-1.335999,-0.006152307
-1.336999,-0.00623814
-1.337999,-0.00632704
-1.338999,-0.006422069
-1.339999,-0.006510968
-1.340999,-0.006605998
-1.341999,-0.006704094
-1.342999,-0.006802189
-1.343999,-0.00690335
-1.344999,-0.007010642
-1.345999,-0.007114868
-1.346999,-0.007225225
-1.347999,-0.007338648
-1.348999,-0.007452071
-1.349999,-0.007571625
-1.350999,-0.007691179
-1.351999,-0.007807667
-1.352999,-0.007939483
-1.353999,-0.008065168
-1.354999,-0.008196983
-1.355999,-0.008331865
-1.356999,-0.008475943
-1.357999,-0.008613889
-1.358999,-0.008754901
-1.359999,-0.008908176
-1.360999,-0.009055318
-1.361999,-0.009205527
-1.362999,-0.009367998
-1.363999,-0.009527403
-1.364999,-0.009686808
-1.365999,-0.009858475
-1.366999,-0.01002401
-1.367999,-0.01019874
-1.368999,-0.01037961
-1.369999,-0.01055741
-1.370999,-0.01074134
-1.371999,-0.01092526
-1.372999,-0.01111839
-1.373999,-0.01131458
-1.374999,-0.0115077
-1.375999,-0.01171003
-1.376999,-0.01191541
-1.377999,-0.0121208
-1.378999,-0.01233232
-1.379999,-0.0125469
-1.380999,-0.01276762
-1.381999,-0.01298833
-1.382999,-0.01320905
-1.383999,-0.01344202
-1.384999,-0.013675
-1.385999,-0.01390491
-1.386999,-0.01414709
-1.387999,-0.01438926
-1.388999,-0.0146345
-1.389999,-0.01488893
-1.390999,-0.01513417
-1.391999,-0.01539474
-1.392999,-0.01564917
-1.393999,-0.01590667
-1.394999,-0.0161703
-1.395999,-0.01643394
-1.396999,-0.01670676
-1.397999,-0.01697959
-1.398999,-0.01725549
-1.399999,-0.01754057
-1.400999,-0.01781647
-1.401999,-0.01811075
-1.402999,-0.01839278
-1.403999,-0.01868093
-1.404999,-0.01897522
-1.405999,-0.01926951
-1.406999,-0.01956686
-1.407999,-0.01986421
-1.408999,-0.02016769
-1.409999,-0.02047731
-1.410999,-0.02078079
-1.411999,-0.0210996
-1.412999,-0.02140921
-1.413999,-0.02171883
-1.414999,-0.0220407
-1.415999,-0.02235951
-1.416999,-0.02267526
-1.417999,-0.0230094
-1.418999,-0.0233374
-1.419999,-0.02366541
-1.420999,-0.02399648
-1.421999,-0.02432755
-1.422999,-0.02466475
-1.423999,-0.02499889
-1.424999,-0.02533303
-1.425999,-0.02567636
-1.426999,-0.0260197
-1.427999,-0.0263569
-1.428999,-0.0267033
-1.429999,-0.02705277
-1.430999,-0.02739917
-1.431999,-0.0277517
-1.432999,-0.02810116
-1.433999,-0.02845982
-1.434999,-0.02882155
-1.435999,-0.02917408
-1.436999,-0.02952968
-1.437999,-0.02989447
-1.438999,-0.03025619
-1.439999,-0.03074562
-1.440999,-0.03108283
-1.441999,-0.03145069
-1.442999,-0.03181854
-1.443999,-0.0321864
-1.444999,-0.03258491
-1.445999,-0.03295277
-1.446999,-0.03332063
-1.447999,-0.03368849
-1.448999,-0.034087
-1.449999,-0.03445486
-1.450999,-0.03485337
-1.451999,-0.03522123
-1.452999,-0.03558908
-1.453999,-0.0359876
-1.454999,-0.03635546
-1.455999,-0.03675397
-1.456999,-0.03712183
-1.457999,-0.03752034
-1.458999,-0.0378882
-1.459999,-0.03828671
-1.460999,-0.03868522
-1.461999,-0.03905308
-1.462999,-0.0394516
-1.463999,-0.03985011
-1.464999,-0.04024862
-1.465999,-0.04064713
-1.466999,-0.04101499
-1.467999,-0.0414135
-1.468999,-0.04181201
-1.469999,-0.04221053
-1.470999,-0.04260904
-1.471999,-0.04300755
-1.472999,-0.04340607
-1.473999,-0.04380458
-1.474999,-0.04420309
-1.475999,-0.0446016
-1.476999,-0.04500012
-1.477999,-0.04539863
-1.478999,-0.04579714
-1.479999,-0.04619566
-1.480999,-0.04662482
-1.481999,-0.04702334
-1.482999,-0.04742185
-1.483999,-0.04785102
-1.484999,-0.04824953
-1.485999,-0.04864804
-1.486999,-0.04907721
-1.487999,-0.04947572
-1.488999,-0.04990489
-1.489999,-0.0503034
-1.490999,-0.05070192
-1.491999,-0.05110043
-1.492999,-0.05149894
-1.493999,-0.05192811
-1.494999,-0.05235728
-1.495999,-0.05275579
-1.496999,-0.05318496
-1.497999,-0.05358347
-1.498999,-0.05401264
-1.499999,-0.05416591
-1.499001,-0.05382871
-1.498001,-0.0534915
-1.497001,-0.05312365
-1.496001,-0.05275579
-1.495001,-0.05238793
-1.494001,-0.05202007
-1.493001,-0.05165222
-1.492001,-0.05128435
-1.491001,-0.0509165
-1.490001,-0.05054864
-1.489001,-0.05018078
-1.488001,-0.04981292
-1.487001,-0.04944507
-1.486001,-0.04904656
-1.485001,-0.0486787
-1.484001,-0.04831084
-1.483001,-0.04791233
-1.482001,-0.04754447
-1.481001,-0.04717661
-1.480001,-0.04680875
-1.479001,-0.04641024
-1.478001,-0.04604238
-1.477001,-0.04564387
-1.476001,-0.04527601
-1.475001,-0.04490815
-1.474001,-0.0445403
-1.473001,-0.04417244
-1.472001,-0.04380458
-1.471001,-0.04340607
-1.470001,-0.04303821
-1.469001,-0.04267035
-1.468001,-0.04230249
-1.467001,-0.04193464
-1.466001,-0.04156678
-1.465001,-0.04116827
-1.464001,-0.0408004
-1.463001,-0.04046321
-1.462001,-0.04006469
-1.461001,-0.03969683
-1.460001,-0.03932897
-1.459001,-0.03896112
-1.458001,-0.03859326
-1.457001,-0.0382254
-1.456001,-0.0378882
-1.455001,-0.03752034
-1.454001,-0.03715248
-1.453001,-0.03678463
-1.452001,-0.03641677
-1.451001,-0.03607956
-1.450001,-0.03571171
-1.449001,-0.03534385
-1.448001,-0.03500664
-1.447001,-0.03463879
-1.446001,-0.03427093
-1.445001,-0.03393373
-1.444001,-0.03356587
-1.443001,-0.03322866
-1.442001,-0.03286081
-1.441001,-0.0325236
-1.440001,-0.03215575
-1.439001,-0.03181854
-1.438001,-0.03148134
-1.437001,-0.03111348
-1.436001,-0.03080693
-1.435001,-0.03043908
-1.434001,-0.03010187
-1.433001,-0.02976467
-1.432001,-0.02942747
-1.431001,-0.02909026
-1.430001,-0.02875306
-1.429001,-0.02841586
-1.428001,-0.02810931
-1.427001,-0.0277721
-1.426001,-0.0274349
-1.425001,-0.02712835
-1.424001,-0.02679115
-1.423001,-0.0264846
-1.422001,-0.0261474
-1.421001,-0.0258102
-1.420001,-0.02550365
-1.419001,-0.0251971
-1.418001,-0.02489055
-1.417001,-0.02455335
-1.416001,-0.0242468
-1.415001,-0.02394025
-1.414001,-0.0236337
-1.413001,-0.02332716
-1.412001,-0.02302061
-1.411001,-0.02274471
-1.410001,-0.02243817
-1.409001,-0.02213162
-1.408001,-0.02185572
-1.407001,-0.02154918
-1.406001,-0.02124263
-1.405001,-0.02096673
-1.404001,-0.02066019
-1.403001,-0.02038429
-1.402001,-0.0201084
-1.401001,-0.0198325
-1.400001,-0.01955661
-1.399001,-0.01928072
-1.398001,-0.01900483
-1.397001,-0.01875959
-1.396001,-0.01848369
-1.395001,-0.0182078
-1.394001,-0.01793191
-1.393001,-0.01768667
-1.392001,-0.01741077
-1.391001,-0.01716554
-1.390001,-0.0169203
-1.389001,-0.0166444
-1.388001,-0.01639917
-1.387001,-0.01615393
-1.386001,-0.01600783
-1.385001,-0.01577179
-1.384001,-0.01554188
-1.383001,-0.01530277
-1.382001,-0.0150698
-1.381001,-0.01484602
-1.380001,-0.01460997
-1.379001,-0.01439232
-1.378001,-0.01417468
-1.377001,-0.01395089
-1.376001,-0.01373938
-1.375001,-0.01352479
-1.374001,-0.01331021
-1.373001,-0.01310176
-1.372001,-0.0129025
-1.371001,-0.01269405
-1.370001,-0.01249786
-1.369001,-0.01230167
-1.368001,-0.01210547
-1.367001,-0.01191541
-1.366001,-0.01172229
-1.365001,-0.01153836
-1.364001,-0.01135443
-1.363001,-0.0111797
-1.362001,-0.01099577
-1.361001,-0.01081797
-1.360001,-0.01065244
-1.359001,-0.0104777
-1.358001,-0.01031217
-1.357001,-0.01015276
-1.356001,-0.009987226
-1.355001,-0.009830886
-1.354001,-0.009677611
-1.353001,-0.009518206
-1.352001,-0.009371064
-1.351001,-0.009220854
-1.350001,-0.009073711
-1.349001,-0.008935764
-1.348001,-0.008791687
-1.347001,-0.008650675
-1.346001,-0.008515794
-1.345001,-0.008380912
-1.344001,-0.008252162
-1.343001,-0.008123412
-1.342001,-0.007997727
-1.341001,-0.007875108
-1.340001,-0.007752489
-1.339001,-0.007639066
-1.338001,-0.007519512
-1.337001,-0.007406089
-1.336001,-0.007298797
-1.335001,-0.007182309
-1.334001,-0.007078082
-1.333001,-0.006973856
-1.332001,-0.006869629
-1.331001,-0.006768468
-1.330001,-0.006670373
-1.329001,-0.006572278
-1.328001,-0.006480313
-1.327001,-0.006385284
-1.326001,-0.006296384
-1.325001,-0.00620442
-1.324001,-0.006121652
-1.323001,-0.006035818
-1.322001,-0.005949985
-1.321001,-0.005873348
-1.320001,-0.005793645
-1.319001,-0.005713942
-1.318001,-0.005640371
-1.317001,-0.005563734
-1.316001,-0.005490162
-1.315001,-0.005419657
-1.314001,-0.00534915
-1.313001,-0.005284776
-1.312001,-0.005217335
-1.311001,-0.005149893
-1.310001,-0.00509165
-1.309001,-0.005024209
-1.308001,-0.0049629
-1.307001,-0.004907721
-1.306001,-0.004849477
-1.305001,-0.004794298
-1.304001,-0.004736054
-1.303001,-0.004680875
-1.302001,-0.004628762
-1.301001,-0.004573583
-1.300001,-0.004527601
-1.299001,-0.004475488
-1.298001,-0.00442644
-1.297001,-0.004383523
-1.296001,-0.004334475
-1.295001,-0.004288493
-1.294001,-0.004245576
-1.293001,-0.004199594
-1.292001,-0.004162808
-1.291001,-0.004119892
-1.290001,-0.00408004
-1.289001,-0.004040189
-1.288001,-0.003997272
-1.287001,-0.003960487
-1.286001,-0.003923701
-1.285001,-0.00388385
-1.284001,-0.003853195
-1.283001,-0.003816409
-1.282001,-0.003779623
-1.281001,-0.003748968
-1.280001,-0.003712183
-1.279001,-0.003684593
-1.278001,-0.003650873
-1.277001,-0.003617153
-1.276001,-0.003589563
-1.275001,-0.003558908
-1.274001,-0.003528254
-1.273001,-0.003500664
-1.272001,-0.003470009
-1.271001,-0.003445486
-1.270001,-0.003417896
-1.269001,-0.003390307
-1.268001,-0.003365783
-1.267001,-0.003338194
-1.266001,-0.00331367
-1.265001,-0.003289146
-1.264001,-0.003264622
-1.263001,-0.003237033
-1.262001,-0.003212509
-1.261001,-0.003194116
-1.260001,-0.003169592
-1.259001,-0.003145068
-1.258001,-0.003126675
-1.257001,-0.003102152
-1.256001,-0.003080693
-1.255001,-0.003065366
-1.254001,-0.003037777
-1.253001,-0.003019383
-1.252001,-0.003000991
-1.251001,-0.002979532
-1.250001,-0.002961139
-1.249001,-0.002942747
-1.248001,-0.002924354
-1.247001,-0.002905961
-1.246001,-0.002887568
-1.245001,-0.00287224
-1.244001,-0.002850782
-1.243001,-0.002832389
-1.242001,-0.002823193
-1.241001,-0.002798669
-1.240001,-0.002786407
-1.239001,-0.00277108
-1.238001,-0.002752687
-1.237001,-0.002740425
-1.236001,-0.002722032
-1.235001,-0.002703639
-1.234001,-0.002691377
-1.233001,-0.002672984
-1.232001,-0.002660722
-1.231001,-0.002645395
-1.230001,-0.002630068
-1.229001,-0.002620871
-1.228001,-0.002602478
-1.227001,-0.002590216
-1.226001,-0.002574889
-1.225001,-0.002559561
-1.224001,-0.002547299
-1.223001,-0.002535037
-1.222001,-0.00251971
-1.221001,-0.002510513
-1.220001,-0.002495186
-1.219001,-0.002482924
-1.218001,-0.002470662
-1.217001,-0.002455335
-1.216001,-0.002443073
-1.215001,-0.002433876
-1.214001,-0.002418549
-1.213001,-0.002406287
-1.212001,-0.002394025
-1.211001,-0.002381763
-1.210001,-0.002372567
-1.209001,-0.002360305
-1.208001,-0.002354174
-1.207001,-0.002338846
-1.206001,-0.00232965
-1.205001,-0.002320454
-1.204001,-0.002305126
-1.203001,-0.00229593
-1.202001,-0.002286733
-1.201001,-0.002274471
-1.200001,-0.00226834
-1.199001,-0.002256078
-1.198001,-0.002243817
-1.197001,-0.002237685
-1.196001,-0.002225423
-1.195001,-0.002216227
-1.194001,-0.002207031
-1.193001,-0.002194769
-1.192001,-0.002188638
-1.191001,-0.002176376
-1.190001,-0.002170245
-1.189001,-0.002161048
-1.188001,-0.002148786
-1.187001,-0.002145721
-1.186001,-0.002133459
-1.185001,-0.002124263
-1.184001,-0.002118132
-1.183001,-0.00210587
-1.182001,-0.002093608
-1.181001,-0.002090542
-1.180001,-0.002081346
-1.179001,-0.002075215
-1.178001,-0.002066019
-1.177001,-0.002059887
-1.176001,-0.002047626
-1.175001,-0.00204456
-1.174001,-0.002035364
-1.173001,-0.002026167
-1.172001,-0.002023102
-1.171001,-0.002016971
-1.170001,-0.002004709
-1.169001,-0.002001643
-1.168001,-0.001992447
-1.167001,-0.00198325
-1.166001,-0.00197712
-1.165001,-0.001970988
-1.164001,-0.001961792
-1.163001,-0.001952596
-1.162001,-0.001952596
-1.161001,-0.001943399
-1.160001,-0.001934203
-1.159001,-0.001928072
-1.158001,-0.001921941
-1.157001,-0.00191581
-1.156001,-0.001912744
-1.155001,-0.001903548
-1.154001,-0.001894351
-1.153001,-0.00188822
-1.152001,-0.00188209
-1.151001,-0.001879024
-1.150001,-0.001869828
-1.149001,-0.001866762
-1.148001,-0.001860631
-1.147001,-0.001851435
-1.146001,-0.001848369
-1.145001,-0.001842238
-1.144001,-0.001836107
-1.143001,-0.001829976
-1.142001,-0.001823845
-1.141001,-0.001814649
-1.140001,-0.001811583
-1.139001,-0.001802387
-1.138001,-0.001799321
-1.137001,-0.00179319
-1.136001,-0.00178706
-1.135001,-0.001780929
-1.134001,-0.001777863
-1.133001,-0.001768667
-1.132001,-0.001762536
-1.131001,-0.00175947
-1.130001,-0.001753339
-1.129001,-0.001750274
-1.128001,-0.001741077
-1.127001,-0.001738012
-1.126001,-0.001731881
-1.125001,-0.00172575
-1.124001,-0.00172575
-1.123001,-0.001716554
-1.122001,-0.001707357
-1.121001,-0.001707357
-1.120001,-0.001698161
-1.119001,-0.001695095
-1.118001,-0.001688964
-1.117001,-0.001682833
-1.116001,-0.001679768
-1.115001,-0.001673637
-1.114001,-0.001670571
-1.113001,-0.00166444
-1.112001,-0.001658309
-1.111001,-0.001655244
-1.110001,-0.001649113
-1.109001,-0.001642982
-1.108001,-0.001639916
-1.107001,-0.001633785
-1.106001,-0.00163072
-1.105001,-0.001624589
-1.104001,-0.001618458
-1.103001,-0.001651671
-1.102001,-0.001644313
-1.101001,-0.001642781
-1.100001,-0.001637876
-1.099001,-0.001632051
-1.098001,-0.001629906
-1.097001,-0.001623775
-1.096001,-0.001618563
-1.095001,-0.001616111
-1.094001,-0.001608754
-1.093001,-0.001607528
-1.092001,-0.001600477
-1.091001,-0.001597411
-1.090001,-0.001595266
-1.089001,-0.001587602
-1.088001,-0.001586682
-1.087001,-0.001582697
-1.086001,-0.001577179
-1.085001,-0.00157442
-1.084001,-0.001569822
-1.083001,-0.00156645
-1.082001,-0.001562772
-1.081001,-0.001557867
-1.080001,-0.001556027
-1.079001,-0.00154867
-1.078001,-0.001548057
-1.077001,-0.001544992
-1.076001,-0.001539474
-1.075001,-0.001537021
-1.074001,-0.001534262
-1.073001,-0.001528132
-1.072001,-0.001525066
-1.071001,-0.001522614
-1.070001,-0.001519242
-1.069001,-0.001514337
-1.068001,-0.001513111
-1.067001,-0.001509739
-1.066001,-0.001504527
-1.065001,-0.001503301
-1.064001,-0.001499929
-1.063001,-0.001493492
-1.062001,-0.001492879
-1.061001,-0.001490426
-1.060001,-0.001486441
-1.059001,-0.001484602
-1.058001,-0.00148031
-1.057001,-0.001476938
-1.056001,-0.001473872
-1.055001,-0.001469581
-1.054001,-0.001468968
-1.053001,-0.00146345
-1.052001,-0.001460691
-1.051001,-0.001458852
-1.050001,-0.001454253
-1.049001,-0.001451801
-1.048001,-0.001448736
-1.047001,-0.00144567
-1.046001,-0.001442605
-1.045001,-0.001439232
-1.044001,-0.001435554
-1.043001,-0.001432182
-1.042001,-0.001428503
-1.041001,-0.001427584
-1.040001,-0.001421759
-1.039001,-0.001420227
-1.038001,-0.001417774
-1.037001,-0.001411643
-1.036001,-0.001408884
-1.035001,-0.001406738
-1.034001,-0.001400914
-1.033001,-0.001399688
-1.032001,-0.001395703
-1.031001,-0.001390185
-1.030001,-0.001389572
-1.029001,-0.001384667
-1.028001,-0.001380988
-1.027001,-0.001381295
-1.026001,-0.001376697
-1.025001,-0.001371792
-1.024001,-0.00136934
-1.023001,-0.001366887
-1.022001,-0.001360756
-1.021001,-0.001357691
-1.020001,-0.001355851
-1.019001,-0.00135064
-1.018001,-0.001349107
-1.017001,-0.001347268
-1.016001,-0.00134175
-1.015001,-0.00134083
-1.014001,-0.001336845
-1.013001,-0.001333167
-1.012001,-0.001332554
-1.011001,-0.001326729
-1.010001,-0.001326116
-1.009001,-0.001322438
-1.008001,-0.001318453
-1.007001,-0.001316
-1.006001,-0.001312015
-1.005001,-0.001307723
-1.004001,-0.001305271
-1.003001,-0.001300979
-1.002001,-0.001299753
-1.001001,-0.001294235
-1.000001,-0.001292703
-0.9990011,-0.001290557
-0.9980011,-0.001285039
-0.9970011,-0.001285039
-0.9960011,-0.001280134
-0.9950011,-0.001276762
-0.9940011,-0.001274923
-0.9930011,-0.001270018
-0.9920011,-0.001267566
-0.9910011,-0.0012645
-0.9900011,-0.001259595
-0.9890011,-0.001258369
-0.9880011,-0.001251932
-0.9870011,-0.001251625
-0.9860011,-0.00124856
-0.9850011,-0.001243655
-0.9840011,-0.001241815
-0.9830011,-0.00123783
-0.9820011,-0.001232313
-0.9810011,-0.00123078
-0.9800011,-0.001226181
-0.9790011,-0.001223116
-0.9780011,-0.001220664
-0.9770011,-0.001215452
-0.9760011,-0.001213306
-0.9750011,-0.001208708
-0.9740011,-0.001203803
-0.9730011,-0.001202884
-0.9720011,-0.001198592
-0.9710011,-0.001192768
-0.9700011,-0.001193687
-0.9690011,-0.00118725
-0.9680011,-0.001185717
-0.9670011,-0.001184184
-0.9660011,-0.001178973
-0.9650011,-0.001175601
-0.9640011,-0.001171616
-0.9630011,-0.001167937
-0.9620011,-0.001164565
-0.9610011,-0.00116058
-0.9600011,-0.001158741
-0.9590011,-0.001154449
-0.9580011,-0.001150464
-0.9570011,-0.001148012
-0.9560011,-0.001143107
-0.9550011,-0.001140348
-0.9540011,-0.001136363
-0.9530011,-0.001132991
-0.9520011,-0.001130232
-0.9510011,-0.001125327
-0.9500011,-0.001122568
-0.9490011,-0.001119196
-0.9480011,-0.001114904
-0.9470011,-0.001111226
-0.9460011,-0.001106934
-0.9450011,-0.001103256
-0.9440011,-0.00110111
-0.9430011,-0.001096511
-0.9420011,-0.001093753
-0.9410011,-0.001090687
-0.9400011,-0.001085476
-0.9390011,-0.00108425
-0.9380011,-0.001079958
-0.9370011,-0.00107444
-0.9360011,-0.001071681
-0.9350011,-0.001067696
-0.9340011,-0.001065244
-0.9330011,-0.001060032
-0.9320011,-0.00105758
-0.9310011,-0.001055128
-0.9300011,-0.00104961
-0.9290011,-0.001049303
-0.9280011,-0.001044092
-0.9270011,-0.001040413
-0.9260011,-0.001037654
-0.9250011,-0.001032749
-0.9240011,-0.001028764
-0.9230011,-0.001025699
-0.9220011,-0.00102202
-0.9210011,-0.001019874
-0.9200011,-0.001014663
-0.9190011,-0.001012211
-0.9180011,-0.001009758
-0.9170011,-0.00100424
-0.9160011,-0.001003321
-0.9150011,-0.0009990291
-0.9140011,-0.0009953505
-0.9130011,-0.0009919786
-0.9120011,-0.0009873803
-0.9110011,-0.000984928
-0.9100011,-0.0009803297
-0.9090011,-0.0009775708
-0.9080011,-0.0009754249
-0.9070011,-0.0009702136
-0.9060011,-0.0009689874
-0.9050011,-0.0009653088
-0.9040011,-0.0009600975
-0.9030011,-0.0009588713
-0.9020011,-0.0009545796
-0.9010011,-0.0009509011
-0.9000011,-0.0009490618
-0.8990011,-0.0009450766
-0.8980011,-0.0009426242
-0.8970011,-0.0009386392
-0.8960011,-0.000934654
-0.8950011,-0.0009337344
-0.8940011,-0.00092791
-0.8930011,-0.0009263772
-0.8920011,-0.0009236183
-0.8910011,-0.0009193266
-0.8900011,-0.0009174873
-0.8890011,-0.0009138088
-0.8880011,-0.0009110498
-0.8870011,-0.0009082909
-0.8860011,-0.0009039992
-0.8850011,-0.0009018534
-0.8840011,-0.0008984813
-0.8830011,-0.0008948027
-0.8820011,-0.00089327
-0.8810011,-0.0008889784
-0.8800011,-0.0008865259
-0.8790011,-0.0008840736
-0.8780011,-0.0008807015
-0.8770011,-0.0008773295
-0.8760011,-0.0008733444
-0.8750011,-0.0008699723
-0.8740011,-0.0008684396
-0.8730011,-0.0008632282
-0.8720011,-0.000861389
-0.8710011,-0.0008586301
-0.8700011,-0.0008543384
-0.8690011,-0.0008518859
-0.8680011,-0.000849127
-0.8670011,-0.0008451419
-0.8660011,-0.0008433026
-0.8650011,-0.000839624
-0.8640011,-0.000836252
-0.8630011,-0.0008350258
-0.8620011,-0.0008301211
-0.8610011,-0.0008264424
-0.8600011,-0.0008246032
-0.8590011,-0.0008196984
-0.8580011,-0.0008187788
-0.8570011,-0.0008147936
-0.8560011,-0.0008108085
-0.8550011,-0.0008083562
-0.8540011,-0.0008037579
-0.8530011,-0.0008013055
-0.8520011,-0.0007985466
-0.8510011,-0.0007945614
-0.8500011,-0.0007924156
-0.8490011,-0.0007881239
-0.8480011,-0.0007844454
-0.8470011,-0.0007832192
-0.8460011,-0.0007780078
-0.8450011,-0.0007764751
-0.8440011,-0.0007746358
-0.8430011,-0.0007678918
-0.8420011,-0.0007681983
-0.8410011,-0.0007636001
-0.8400011,-0.0007599215
-0.8390011,-0.0007571626
-0.8380011,-0.0007528709
-0.8370011,-0.0007494989
-0.8360011,-0.0007461268
-0.8350011,-0.0007436744
-0.8340011,-0.0007412221
-0.8330011,-0.0007366238
-0.8320011,-0.0007341714
-0.8310011,-0.0007314125
-0.8300011,-0.0007265077
-0.8290011,-0.0007252816
-0.8280011,-0.0007209898
-0.8270011,-0.0007173113
-0.8260011,-0.0007142458
-0.8250011,-0.0007099541
-0.8240011,-0.0007078083
-0.8230011,-0.0007038232
-0.8220011,-0.0006995315
-0.8210011,-0.0006989184
-0.8200011,-0.0006940136
-0.8190011,-0.0006900285
-0.8180011,-0.0006875761
-0.8170011,-0.0006820582
-0.8160011,-0.0006792994
-0.8150011,-0.0006771535
-0.8140011,-0.0006722487
-0.8130011,-0.0006697963
-0.8120011,-0.0006664242
-0.8110011,-0.0006618261
-0.8100011,-0.0006581475
-0.8090011,-0.0006566148
-0.8080011,-0.000652323
-0.8070011,-0.000648951
-0.8060011,-0.0006461921
-0.8050011,-0.00064282
-0.8040011,-0.0006388349
-0.8030011,-0.000636076
-0.8020011,-0.0006336236
-0.8010011,-0.0006284123
